"FDR"	"A1"	"A2"	"A3"	"B1"	"B2"	"B3"	"C1"	"C2"	"C3"	"D1"	"D2"	"D3"
"HPRR1950679"	1.0000	1.0000	1.0000	0.0000	0.0000	0.0000	1.0000	1.0000	1.0000	0.0	0.0	0.0
"HPRR1850008"	1.0000	1.0000	1.0000	0.0000	0.0000	0.0000	1.0000	1.0000	1.0000	0.0	0.0	0.0
"HPRR3730250"	1.0000	1.0000	1.0000	1.0000	1.0000	1.0000	0.0000	0.0000	0.0000	0.0	0.0	0.0
"HPRR2440464"	0.9861	0.9987	0.9874	0.0	0.0000	0.0	0.9868	0.9862	0.9851	0.0	0.0	0.0
"HPRR4290880"	0.0	0.0	0.0	0.0	0.0	0.0	0.0	0.0	0.0	0.0	0.0	0.0
"HPRR2440465"	0.0000	0.0000	0.0000	0.0000	0.0000	0.0000	0.0	0.0	0.0	0.0	0.0	0.0
"HPRR4290881"	0.0	0.0	0.0	0.0	0.0	0.0	0.0	0.0	0.0	0.0	0.0	0.0
"HPRR4290882"	0.0	0.0	0.0	0.0	0.0	0.0	0.0	0.0	0.0	0.0	0.0	0.0
"HPRR330275"	1.0000	1.0000	1.0000	0.0000	0.0000	0.0000	1.0000	1.0000	1.0000	0.0	0.9439	0.0
"HPRR4290883"	0.0	0.0	0.0	0.0	0.0	0.0	0.0	0.0	0.0	0.0	0.0	0.0
"HPRR4290884"	0.0	0.0	0.0	0.0	0.0	0.0	0.0	0.0	0.0	0.0	0.0	0.0
"HPRR3420055"	0.9999	1.0000	0.9999	0.0000	0.0000	0.0000	1.0000	1.0000	1.0000	0.0	0.0	0.0
"HPRR2440154"	1.0000	1.0000	1.0000	1.0000	1.0000	1.0000	1.0000	1.0000	0.9999	0.0	0.9659	0.0
"HPRR4320670"	0.0	0.0	0.0	0.0	0.0	0.0	0.0	0.0	0.0	0.0	0.0	0.0
"HPRR4290886"	0.0	0.0	0.0	0.0	0.0	0.0	0.0	0.0	0.0	0.0	0.0	0.0
"HPRR2540430"	0.0000	0.0000	0.0000	0.0000	0.0000	0.0000	0.0	0.0	0.0	0.0	0.0	0.0
"HPRR4320671"	0.0	0.0	0.0	0.9855	0.9855	0.0	0.0	0.0	0.0	0.0	0.0	0.0
"HPRR4320630"	0.0	0.0	0.0	0.0	0.0	0.0	0.0	0.0	0.0	0.0	0.0	0.0
"HPRR4290887"	0.0	0.0	0.0	0.0	0.0	0.0	0.0	0.0	0.0	0.0	0.0	0.0
"HPRR4320672"	0.0	0.0	0.0	0.0	0.0	0.0	0.0	0.0	0.0	0.0	0.0	0.0
"HPRR4320631"	0.0	0.0	0.0	0.0	0.0	0.0	0.0	0.0	0.0	0.0	0.0	0.0
"HPRR4290888"	0.0	0.0	0.0	0.0	0.0	0.0	0.0	0.0	0.0	0.0	0.0	0.0
"HPRR4320673"	0.0	0.0	0.0	0.0	0.0	0.0	0.0	0.0	0.0	0.0	0.0	0.0
"HPRR4320632"	0.0	0.0	0.0	0.0	0.0	0.0	0.0	0.0	0.0	0.0	0.0	0.0
"HPRR4320674"	0.0	0.0	0.0	0.0	0.0	0.0	0.0	0.0	0.0	0.0	0.0	0.0
"HPRR4320633"	0.0	0.0	0.0	0.0	0.0	0.0	0.0	0.0	0.0	0.0	0.0	0.0
"HPRR4320675"	0.0	0.0	0.0	0.0	0.0	0.0	0.0	0.0	0.0	0.0	0.0	0.0
"HPRR4320634"	0.0	0.0	0.0	0.0	0.0	0.0	0.0	0.0	0.0	0.0	0.0	0.0
"HPRR4320360"	0.0	0.0	0.0	0.0	0.0	0.0	0.0	0.0	0.0	0.0	0.0	0.0
"HPRR2540435"	0.0	0.0000	0.0	0.0000	0.0000	0.0000	0.9868	0.0	0.9999	0.0	0.0	0.0
"HPRR4320676"	0.0	0.0	0.0	0.0	0.0	0.0	0.0	0.0	0.0	0.0	0.0	0.0
"HPRR4320635"	0.0	0.0	0.0	0.0	0.0	0.0	0.0	0.0	0.0	0.0	0.0	0.0
"HPRR4320361"	0.0	0.0	0.0	0.0	0.0	0.0	0.0	0.0	0.0	0.0	0.0	0.0
"HPRR4320320"	0.0	0.0	0.0	0.0	0.0	0.0	0.0	0.0	0.0	0.0	0.0	0.0
"HPRR4320677"	0.0	0.0	0.0	0.0	0.0	0.0	0.0	0.0	0.0	0.0	0.0	0.0
"HPRR4320636"	0.0	0.0	0.0	0.0	0.0	0.0	0.0	0.0	0.0	0.0	0.0	0.0
"HPRR4320362"	0.0	0.0	0.0	0.0	0.0	0.0	0.0	0.0	0.0	0.0	0.0	0.0
"HPRR4320321"	0.0	0.0	0.0	0.0	0.0	0.0	0.0	0.0	0.0	0.0	0.0	0.0
"HPRR4050491"	1.0000	1.0000	1.0000	1.0000	1.0000	1.0000	0.0000	0.0000	0.0000	0.0	0.0	0.0
"HPRR4320678"	0.0	0.0	0.0	0.0	0.0	0.0	0.0	0.0	0.0	0.0	0.0	0.0
"HPRR4320637"	0.0	0.0	0.0	0.0	0.0	0.0	0.0	0.0	0.0	0.0	0.0	0.0
"HPRR4320363"	0.0	0.0	0.0	0.0	0.0	0.0	0.0	0.0	0.0	0.0	0.0	0.0
"HPRR4320322"	0.0	0.0	0.0	0.0	0.0	0.0	0.0	0.0	0.0	0.0	0.0	0.0
"HPRR4320679"	0.0	0.0	0.0	0.0	0.0	0.0	0.0	0.0	0.0	0.0	0.0	0.0
"HPRR4320638"	0.0	0.0	0.0	0.0	0.0	0.0	0.0	0.0	0.0	0.0	0.0	0.0
"HPRR4320364"	0.0	0.0	0.0	0.0	0.0	0.0	0.0	0.0	0.0	0.0	0.0	0.0
"HPRR4320323"	0.0	0.0	0.0	0.0	0.0	0.0	0.0	0.0	0.0	0.0	0.0	0.0
"HPRR4320090"	0.0	0.0	0.0	0.0	0.0	0.0	0.0	0.0	0.0	0.0	0.0	0.0
"HPRR4320639"	0.0	0.0	0.0	0.0	0.0	0.0	0.0	0.0	0.0	0.0	0.0	0.0
"HPRR4320365"	0.0	0.0	0.0	0.0	0.0	0.0	0.0	0.0	0.0	0.0	0.0	0.0
"HPRR4320324"	0.0	0.0	0.0	0.0	0.0	0.0	0.0	0.0	0.0	0.0	0.0	0.0
"HPRR4320091"	0.0	0.0	0.0	0.0	0.0	0.0	0.0	0.0	0.0	0.0	0.0	0.0
"HPRR4320050"	0.0	0.0	0.0	0.0	0.0	0.0	0.0	0.0	0.0	0.0	0.0	0.0
"HPRR4320366"	0.0	0.0	0.0	0.0	0.0	0.0	0.0	0.0	0.0	0.0	0.0	0.0
"HPRR4320325"	0.0	0.0	0.0	0.0	0.0	0.0	0.0	0.0	0.0	0.0	0.0	0.0
"HPRR4320092"	0.0	0.0	0.0	0.0	0.0	0.0	0.0	0.0	0.0	0.0	0.0	0.0
"HPRR4320051"	0.0	0.0	0.0	0.0	0.0	0.0	0.0	0.0	0.0	0.0	0.0	0.0
"HPRR4320010"	0.0	0.0	0.0	0.0	0.0	0.0	0.0	0.0	0.0	0.0	0.0	0.0
"HPRR4320367"	0.0	0.0	0.0	0.0	0.0	0.0	0.0	0.0	0.0	0.0	0.0	0.0
"HPRR4320326"	0.0	0.0	0.0	0.0	0.0	0.0	0.0	0.0	0.0	0.0	0.0	0.0
"HPRR4320093"	0.0	0.0	0.0	0.0	0.0	0.0	0.0	0.0	0.0	0.0	0.0	0.0
"HPRR4320052"	0.0	0.0	0.0	0.0	0.0	0.0	0.0	0.0	0.0	0.0	0.0	0.0
"HPRR4320011"	0.0	0.0	0.0	0.0	0.0	0.0	0.0	0.0	0.0	0.0	0.0	0.0
"HPRR1840184"	1.0000	1.0000	1.0000	0.0000	0.0000	0.0000	1.0000	1.0000	1.0000	0.0	0.0	0.0
"HPRR4320368"	0.0	0.0	0.0	0.0	0.0	0.0	0.0	0.0	0.0	0.0	0.0	0.0
"HPRR4320327"	0.0	0.0	0.0	0.0	0.0	0.0	0.0	0.0	0.0	0.0	0.0	0.0
"HPRR4320094"	0.0	0.0	0.0	0.0	0.0	0.0	0.0	0.0	0.0	0.0	0.0	0.0
"HPRR4320053"	0.0	0.0	0.0	0.0	0.0	0.0	0.0	0.0	0.0	0.0	0.0	0.0
"HPRR4320012"	0.0	0.0	0.0	0.0	0.0	0.0	0.0	0.0	0.0	0.0	0.0	0.0
"HPRR4320369"	0.0	0.0	0.0	0.0	0.0	0.0	0.0	0.0	0.0	0.0	0.0	0.0
"HPRR4320328"	0.0	0.0	0.0	0.0	0.0	0.0	0.0	0.0	0.0	0.0	0.0	0.0
"HPRR4320095"	0.0	0.0	0.0	0.0	0.0	0.0	0.0	0.0	0.0	0.0	0.0	0.0
"HPRR4320054"	0.0	0.0	0.0	0.0	0.0	0.0	0.0	0.0	0.0	0.0	0.0	0.0
"HPRR4320013"	0.0	0.0	0.0	0.0	0.0	0.0	0.0	0.0	0.0	0.0	0.0	0.0
"HPRR4320329"	0.0	0.0	0.0	0.0	0.0	0.0	0.0	0.0	0.0	0.0	0.0	0.0
"HPRR4320096"	0.0	0.0	0.0	0.0	0.0	0.0	0.0	0.0	0.0	0.0	0.0	0.0
"HPRR4320055"	0.0	0.0	0.0	0.0	0.0	0.0	0.0	0.0	0.0	0.0	0.0	0.0
"HPRR4320014"	0.0	0.0	0.0	0.0	0.0	0.0	0.0	0.0	0.0	0.0	0.0	0.0
"HPRR4320097"	0.0	0.0	0.0	0.0	0.0	0.0	0.0	0.0	0.0	0.0	0.0	0.0
"HPRR4320056"	0.0	0.0	0.0	0.0	0.0	0.0	0.0	0.0	0.0	0.0	0.0	0.0
"HPRR4320015"	0.0	0.0	0.0	0.0	0.0	0.0	0.0	0.0	0.0	0.0	0.0	0.0
"HPRR4320098"	0.0	0.0	0.0	0.0	0.0	0.0	0.0	0.0	0.0	0.0	0.0	0.0
"HPRR4320057"	0.0	0.0	0.0	0.0	0.0	0.0	0.0	0.0	0.0	0.0	0.0	0.0
"HPRR4320016"	0.0	0.0	0.0	0.0	0.0	0.0	0.0	0.0	0.0	0.0	0.0	0.0
"HPRR640048"	1.0000	1.0000	1.0000	0.0000	0.0000	0.0000	1.0000	1.0000	1.0000	0.0	0.0	0.0
"HPRR4320099"	0.0	0.0	0.0	0.0	0.0	0.0	0.0	0.0	0.0	0.0	0.0	0.0
"HPRR4320058"	0.0	0.0	0.0	0.0	0.0	0.0	0.0	0.0	0.0	0.0	0.0	0.0
"HPRR4320017"	0.0	0.0	0.0	0.0	0.0	0.0	0.0	0.0	0.0	0.0	0.0	0.0
"HPRR4320059"	0.0	0.0	0.0	0.0	0.0	0.0	0.0	0.0	0.0	0.0	0.0	0.0
"HPRR4320018"	0.0	0.0	0.0	0.0	0.0	0.0	0.0	0.0	0.0	0.0	0.0	0.0
"HPRR4320019"	0.0	0.0	0.0	0.0	0.0	0.0	0.0	0.0	0.0	0.0	0.0	0.0
"HPRR4390277"	1.0000	1.0000	1.0000	1.0000	1.0000	1.0000	0.0000	0.0000	0.0000	0.0	0.0	0.0
"HPRR220635"	0.0000	0.0000	0.0000	0.0000	0.0000	0.0000	0.0	0.0	0.0	0.0	0.0	0.0
"HPRR3720352"	1.0000	1.0000	1.0000	1.0000	1.0000	1.0000	0.0000	0.0000	0.0000	0.0	0.9891	0.0
"HPRR4460007"	0.0000	0.0000	0.0000	0.0	0.0	0.0	0.0000	0.0000	0.0000	0.0	0.0	0.0
"HPRR2050324"	1.0000	1.0000	1.0000	0.0000	0.0000	0.0000	1.0000	1.0000	1.0000	0.0	0.9603	0.9972
"HPRR3790889"	1.0000	1.0000	1.0000	1.0000	1.0000	1.0000	0.9856	0.9971	0.0000	0.0	0.0	0.0
"HPRR3761106"	1.0000	1.0000	1.0000	1.0000	1.0000	1.0000	0.0000	0.0000	0.0000	0.0	0.0	0.0
"HPRR3761107"	1.0000	1.0000	1.0000	1.0000	1.0000	1.0000	1.0000	1.0000	1.0000	0.0	0.9775	0.0
"HPRR2700128"	1.0000	1.0000	1.0000	0.0000	0.0000	0.0	1.0000	1.0000	1.0000	0.0	0.0	0.9885
"HPRR2250382"	0.0000	0.0000	0.0000	0.0000	0.0000	0.0000	0.8937	1.0000	1.0000	0.0	0.0	0.0
"HPRR1450358"	1.0000	1.0000	1.0000	0.0000	0.0000	0.0000	1.0000	1.0000	1.0000	0.0	0.0	0.0
"HPRR1450319"	1.0000	1.0000	1.0000	0.0	0.0000	0.0	1.0000	1.0000	1.0000	0.0	0.0	0.0
"HPRR2250386"	1.0000	1.0000	1.0000	0.0000	0.0000	0.0000	1.0000	1.0000	1.0000	0.0	0.0	0.0
"HPRR1410063"	0.9672	0.9998	0.9992	0.0000	0.0000	0.0000	0.9997	0.0	0.9851	0.0	0.0	0.0
"HPRR4030233"	0.0000	0.0000	0.0000	0.9994	0.0	1.0000	0.0000	0.0000	0.0000	0.0	0.9891	0.9885
"HPRR590037"	1.0000	1.0000	1.0000	0.0000	0.0000	0.0000	1.0000	1.0000	1.0000	0.0	0.0	0.0
"HPRR2390061"	1.0000	1.0000	1.0000	0.0000	0.0000	0.0000	1.0000	1.0000	1.0000	0.0	0.0	0.0
"HPRR4280057"	1.0000	1.0000	1.0000	1.0000	1.0000	1.0000	0.0000	0.0000	0.0000	0.0	0.0	0.0
"HPRR2210058"	1.0000	1.0000	1.0000	0.9855	0.9561	0.0	1.0000	1.0000	1.0000	0.0	0.0	0.0
"HPRR4340080"	0.0	0.0	0.0	0.0	0.0	0.0	0.0	0.0	0.0	0.0	0.0	0.0
"HPRR4340081"	0.0	0.0	0.0	0.0	0.0	0.0	0.0	0.0	0.0	0.0	0.0	0.0
"HPRR4340040"	0.0	0.0	0.0	0.0	0.0	0.0	0.0	0.0	0.0	0.0	0.0	0.0
"HPRR4060165"	1.0000	1.0000	1.0000	1.0000	1.0000	1.0000	1.0000	0.0000	0.0000	0.0	0.9891	0.0
"HPRR4340082"	0.0	0.0	0.0	0.0	0.0	0.0	0.0	0.0	0.0	0.0	0.0	0.0
"HPRR4340041"	0.0	0.0	0.0	0.0	0.0	0.0	0.0	0.0	0.0	0.0	0.0	0.0
"HPRR3880146"	0.9840	0.0000	0.0000	1.0000	1.0000	1.0000	0.0	0.0000	0.0	0.0	0.9659	0.0
"HPRR4340083"	0.0	0.0	0.0	0.0	0.0	0.0	0.0	0.0	0.0	0.0	0.0	0.0
"HPRR4340042"	0.0	0.0	0.0	0.0	0.0	0.0	0.0	0.0	0.0	0.0	0.0	0.0
"HPRR4340001"	0.0	0.0	0.0	0.0	0.0	0.0	0.0	0.0	0.0	0.0	0.0	0.0
"HPRR4340084"	0.0	0.0	0.0	0.0	0.0	0.0	0.0	0.0	0.0	0.0	0.0	0.0
"HPRR4340002"	0.0	0.0	0.0	0.0	0.0	0.0	0.0	0.0	0.0	0.0	0.0	0.0
"HPRR4340085"	0.0	0.0	0.0	0.0	0.0	0.0	0.0	0.0	0.0	0.0	0.0	0.0
"HPRR4340044"	0.0	0.0	0.0	0.0	0.0	0.0	0.0	0.0	0.0	0.0	0.0	0.0
"HPRR4340003"	0.0	0.0	0.0	0.0	0.0	0.0	0.0	0.0	0.0	0.0	0.0	0.0
"HPRR4160484"	0.9973	0.9961	1.0000	1.0000	1.0000	1.0000	0.0	0.0	0.0	0.0	0.0	0.0
"HPRR4060128"	1.0000	1.0000	1.0000	1.0000	1.0000	1.0000	0.0000	0.0000	0.0000	0.0	0.0	0.0
"HPRR4340086"	0.0	0.0	0.0	0.0	0.0	0.0	0.0	0.0	0.0	0.0	0.0	0.0
"HPRR4340045"	0.0	0.0	0.0	0.0	0.0	0.0	0.0	0.0	0.0	0.0	0.0	0.0
"HPRR4340004"	0.0	0.0	0.0	0.0	0.0	0.0	0.0	0.0	0.0	0.0	0.0	0.0
"HPRR3770042"	1.0000	1.0000	0.9996	1.0000	1.0000	1.0000	0.0000	0.0000	0.0000	0.0	0.0	0.0
"HPRR4340087"	0.0	0.0	0.0	0.0	0.0	0.0	0.0	0.0	0.0	0.0	0.0	0.0
"HPRR4340046"	0.0	0.0	0.0	0.0	0.0	0.0	0.0	0.0	0.0	0.0	0.0	0.0
"HPRR4340005"	0.0	0.0	0.0	0.0	0.0	0.0	0.0	0.0	0.0	0.0	0.0	0.0
"HPRR3770043"	1.0000	1.0000	1.0000	1.0000	1.0000	1.0000	0.0000	0.0000	0.0000	0.0	0.9716	0.0
"HPRR4340088"	0.0	0.0	0.0	0.0	0.0	0.0	0.0	0.0	0.0	0.0	0.0	0.0
"HPRR4340047"	0.0	0.0	0.0	0.0	0.0	0.0	0.0	0.0	0.0	0.0	0.0	0.0
"HPRR4340006"	0.0	0.0	0.0	0.0	0.0	0.0	0.0	0.0	0.0	0.0	0.0	0.0
"HPRR4340089"	0.0	0.0	0.0	0.0	0.0	0.0	0.0	0.0	0.0	0.0	0.0	0.0
"HPRR4340048"	0.0	0.0	0.0	0.0	0.0	0.0	0.0	0.0	0.0	0.0	0.0	0.0
"HPRR4340007"	0.0	0.0	0.0	0.0	0.0	0.0	0.0	0.0	0.0	0.0	0.0	0.0
"HPRR4160447"	1.0000	1.0000	1.0000	1.0000	1.0000	1.0000	0.0000	0.0000	0.0000	0.0	0.0	0.0
"HPRR4340049"	0.0	0.0	0.0	0.0	0.0	0.0	0.0	0.0	0.0	0.0	0.0	0.0
"HPRR4340008"	0.0	0.0	0.0	0.0	0.0	0.0	0.0	0.0	0.0	0.0	0.0	0.0
"HPRR4340009"	0.0	0.0	0.0	0.0	0.0	0.0	0.0	0.0	0.0	0.0	0.0	0.0
"HPRR4440366"	1.0000	1.0000	1.0000	1.0000	0.9855	1.0000	0.0	0.0000	0.0	0.0	0.0	0.0
"HPRR3730022"	1.0000	1.0000	1.0000	1.0000	1.0000	1.0000	0.0000	0.0000	0.0000	0.0	0.9891	0.0
"HPRR3730024"	0.9991	0.9959	0.9983	1.0000	1.0000	1.0000	0.0000	0.0000	0.0000	0.0	0.0	0.0
"HPRR4290960"	0.0	0.0	0.0	0.0	0.0	0.0	0.0	0.0	0.0	0.0	0.0	0.0
"HPRR4290920"	0.0	0.0	0.0	0.0	0.0	0.0	0.0	0.0	0.0	0.0	0.0	0.0
"HPRR4290962"	0.0	0.0	0.0	0.0	0.0	0.0	0.0	0.0	0.0	0.0	0.0	0.0
"HPRR4290963"	0.0	0.0	0.0	0.0	0.0	0.0	0.0	0.0	0.0	0.0	0.0	0.0
"HPRR4290964"	0.0	0.0	0.0	0.0	0.0	0.0	0.0	0.0	0.0	0.0	0.0	0.0
"HPRR4290923"	0.0	0.0	0.0	0.0	0.0	0.0	0.0	0.0	0.0	0.0	0.0	0.0
"HPRR4290965"	0.0	0.0	0.0	0.0	0.0	0.0	0.0	0.0	0.0	0.0	0.0	0.0
"HPRR4290924"	0.0	0.0	0.0	0.0	0.0	0.0	0.0	0.0	0.0	0.0	0.0	0.0
"HPRR1951792"	1.0000	1.0000	1.0000	0.0000	0.0	0.0000	1.0000	1.0000	1.0000	0.0	0.0	0.0
"HPRR4290966"	0.0	0.0	0.0	0.0	0.0	0.0	0.0	0.0	0.0	0.0	0.0	0.0
"HPRR4290925"	0.0	0.0	0.0	0.0	0.0	0.0	0.0	0.0	0.0	0.0	0.0	0.0
"HPRR4320710"	0.0	0.0	0.0	0.0	0.0	0.0	0.0	0.0	0.0	0.0	0.0	0.0
"HPRR4290967"	0.0	0.0	0.0	0.0	0.0	0.0	0.0	0.0	0.0	0.0	0.0	0.0
"HPRR4290926"	0.0	0.0	0.0	0.0	0.0	0.0	0.0	0.0	0.0	0.0	0.0	0.0
"HPRR4320711"	0.0	0.0	0.0	0.0	0.0	0.0	0.0	0.0	0.0	0.0	0.0	0.0
"HPRR4290968"	0.0	0.0	0.0	0.0	0.0	0.0	0.0	0.0	0.0	0.0	0.0	0.0
"HPRR4320712"	0.0	0.0	0.0	0.0	0.0	0.0	0.0	0.0	0.0	0.0	0.0	0.0
"HPRR4320480"	0.0	0.0	0.0	0.0	0.0	0.0	0.0	0.0	0.0	0.0	0.0	0.0
"HPRR4290929"	0.0	0.0	0.0	0.0	0.0	0.0	0.0	0.0	0.0	0.0	0.0	0.0
"HPRR4320481"	0.0	0.0	0.0	0.0	0.0	0.0	0.0	0.0	0.0	0.0	0.0	0.0
"HPRR4320440"	0.0	0.0	0.0	0.0	0.0	0.0	0.0	0.0	0.0	0.0	0.0	0.0
"HPRR1951798"	1.0000	1.0000	1.0000	0.0000	0.0000	0.0000	1.0000	1.0000	1.0000	0.0	0.0	0.0
"HPRR4320482"	0.0	0.0	0.0	0.0	0.0	0.0	0.0	0.0	0.0	0.0	0.0	0.0
"HPRR4320441"	0.0	0.0	0.0	0.0	0.0	0.0	0.0	0.0	0.0	0.0	0.0	0.0
"HPRR4320400"	0.0	0.0	0.0	0.0	0.0	0.0	0.0	0.0	0.0	0.0	0.0	0.0
"HPRR4290343"	0.0000	0.0	0.0000	0.9942	0.9991	0.9592	0.0000	0.0000	0.0000	0.0	0.0	0.0
"HPRR4320483"	0.0	0.0	0.0	0.0	0.0	0.0	0.0	0.0	0.0	0.0	0.0	0.0
"HPRR4320442"	0.0	0.0	0.0	0.0	0.0	0.0	0.0	0.0	0.0	0.0	0.0	0.0
"HPRR4320401"	0.0	0.0	0.0	0.0	0.0	0.0	0.0	0.0	0.0	0.0	0.0	0.0
"HPRR4320484"	0.0	0.0	0.0	0.0	0.0	0.0	0.0	0.0	0.0	0.0	0.0	0.0
"HPRR4320443"	0.0	0.0	0.0	0.0	0.0	0.0	0.0	0.0	0.0	0.0	0.0	0.0
"HPRR4320402"	0.0	0.0	0.0	0.0	0.0	0.0	0.0	0.0	0.0	0.0	0.0	0.0
"HPRR4320485"	0.0	0.0	0.0	0.0	0.0	0.0	0.0	0.0	0.0	0.0	0.0	0.0
"HPRR4320444"	0.0	0.0	0.0	0.0	0.0	0.0	0.0	0.0	0.0	0.0	0.0	0.0
"HPRR4320403"	0.0	0.0	0.0	0.0	0.0	0.0	0.0	0.0	0.0	0.0	0.0	0.0
"HPRR4320170"	0.0	0.0	0.0	0.0	0.0	0.0	0.0	0.0	0.0	0.0	0.0	0.0
"HPRR3450022"	1.0000	1.0000	1.0000	0.0	0.0	0.0	1.0000	1.0000	1.0000	0.0	0.0	0.0
"HPRR2551682"	1.0000	1.0000	1.0000	0.0000	0.0000	0.0000	1.0000	0.9998	0.9999	0.0	0.0	0.0
"HPRR4320486"	0.0	0.0	0.0	0.0	0.0	0.0	0.0	0.0	0.0	0.0	0.0	0.0
"HPRR4320445"	0.0	0.0	0.0	0.0	0.0	0.0	0.0	0.0	0.0	0.0	0.0	0.0
"HPRR4320404"	0.0	0.0	0.0	0.0	0.0	0.0	0.0	0.0	0.0	0.0	0.0	0.0
"HPRR4320171"	0.0	0.0	0.0	0.0	0.0	0.0	0.0	0.0	0.0	0.0	0.0	0.0
"HPRR4320130"	0.0	0.0	0.0	0.0	0.0	0.0	0.0	0.0	0.0	0.0	0.0	0.0
"HPRR3450023"	0.0	0.0	0.0	0.0	0.0	0.9874	0.0	0.0	0.0	0.0	0.0	0.0
"HPRR4320446"	0.0	0.0	0.0	0.0	0.0	0.0	0.0	0.0	0.0	0.0	0.0	0.0
"HPRR4320405"	0.0	0.0	0.0	0.0	0.0	0.0	0.0	0.0	0.0	0.0	0.0	0.0
"HPRR4320172"	0.0	0.0	0.0	0.0	0.0	0.0	0.0	0.0	0.0	0.0	0.0	0.0
"HPRR4320131"	0.0	0.0	0.0	0.0	0.0	0.0	0.0	0.0	0.0	0.0	0.0	0.0
"HPRR4320488"	0.0	0.0	0.0	0.0	0.0	0.0	0.0	0.0	0.0	0.0	0.0	0.0
"HPRR4320406"	0.0	0.0	0.0	0.0	0.0	0.0	0.0	0.0	0.0	0.0	0.0	0.0
"HPRR4320173"	0.0	0.0	0.0	0.0	0.0	0.0	0.0	0.0	0.0	0.0	0.0	0.0
"HPRR4320132"	0.0	0.0	0.0	0.0	0.0	0.0	0.0	0.0	0.0	0.0	0.0	0.0
"HPRR4050261"	1.0000	1.0000	1.0000	1.0000	1.0000	1.0000	0.0000	0.0000	0.0000	0.0	0.0	0.0
"HPRR4320489"	0.0000	0.0000	0.0000	0.0	0.0	0.0	0.0000	0.0000	0.0000	0.0	0.0	0.0
"HPRR4320407"	0.0	0.0	0.0	0.0	0.0	0.0	0.0	0.0	0.0	0.0	0.0	0.0
"HPRR4320174"	0.0	0.0	0.0	0.0	0.0	0.0	0.0	0.0	0.0	0.0	0.0	0.0
"HPRR4320133"	0.0	0.0	0.0	0.0	0.0	0.0	0.0	0.0	0.0	0.0	0.0	0.0
"HPRR4320449"	0.0	0.0	0.0	0.0	0.0	0.0	0.0	0.0	0.0	0.0	0.0	0.0
"HPRR4320408"	0.0	0.0	0.0	0.0	0.0	0.0	0.0	0.0	0.0	0.0	0.0	0.0
"HPRR4320175"	0.0	0.0	0.0	0.0	0.0	0.0	0.0	0.0	0.0	0.0	0.0	0.0
"HPRR4320134"	0.0	0.0	0.0	0.0	0.0	0.0	0.0	0.0	0.0	0.0	0.0	0.0
"HPRR3760765"	0.9975	0.9556	0.9570	1.0000	1.0000	1.0000	0.0000	0.0000	0.0000	0.0	0.0	0.0
"HPRR360208"	1.0000	1.0000	1.0000	0.0000	0.0000	0.0000	1.0000	1.0000	1.0000	0.0	0.0	0.0
"HPRR4320409"	0.0	0.0	0.0	0.0	0.0	0.0	0.0	0.0	0.0	0.0	0.0	0.0
"HPRR4320176"	0.0	0.0	0.0	0.0	0.0	0.0	0.0	0.0	0.0	0.0	0.0	0.0
"HPRR4320135"	0.0	0.0	0.0	0.0	0.0	0.0	0.0	0.0	0.0	0.0	0.0	0.0
"HPRR4320177"	0.0	0.0	0.0	0.0	0.0	0.0	0.0	0.0	0.0	0.0	0.0	0.0
"HPRR4320136"	0.0	0.0	0.0	0.0	0.0	0.0	0.0	0.0	0.0	0.0	0.0	0.0
"HPRR4320178"	0.0	0.0	0.0	0.0	0.0	0.0	0.0	0.0	0.0	0.0	0.0	0.0
"HPRR4320137"	0.0	0.0	0.0	0.0	0.0	0.0	0.0	0.0	0.0	0.0	0.0	0.0
"HPRR4320179"	0.0	0.0	0.0	0.0	0.0	0.0	0.0	0.0	0.0	0.0	0.0	0.0
"HPRR4320138"	0.0	0.0	0.0	0.0	0.0	0.0	0.0	0.0	0.0	0.0	0.0	0.0
"HPRR4320139"	0.0	0.0	0.0	0.0	0.0	0.0	0.0	0.0	0.0	0.0	0.0	0.0
"HPRR3760498"	1.0000	1.0000	1.0000	1.0000	1.0000	1.0000	0.0000	0.0000	0.0000	0.0	0.0	0.0
"HPRR3760142"	1.0000	1.0000	1.0000	1.0000	1.0000	1.0000	0.0000	0.0000	0.0000	0.0	0.0	0.0
"HPRR3761220"	1.0000	1.0000	0.9980	1.0000	1.0000	1.0000	0.0000	0.0000	0.0000	0.0	0.0	0.0
"HPRR4310040"	0.0	0.0	0.0	0.0	0.0	0.0	0.0	0.0	0.0	0.0	0.0	0.0
"HPRR4110252"	1.0000	1.0000	1.0000	1.0000	1.0000	1.0000	0.0000	0.0	0.0000	0.0	0.0	0.0
"HPRR4310041"	0.0	0.0	0.0	0.0	0.0	0.0	0.0	0.0	0.0	0.0	0.0	0.0
"HPRR3720166"	1.0000	1.0000	1.0000	0.0	0.0	0.0	1.0000	1.0000	1.0000	0.0	0.0	0.0
"HPRR4310001"	0.0	0.0	0.0	0.0	0.0	0.0	0.0	0.0	0.0	0.0	0.0	0.0
"HPRR4110213"	0.9999	0.9992	0.9992	1.0000	1.0000	1.0000	0.0000	0.0000	0.0000	0.0	0.0	0.0
"HPRR4310002"	0.0	0.0	0.0	0.0	0.0	0.0	0.0	0.0	0.0	0.0	0.0	0.0
"HPRR4350028"	1.0000	1.0000	1.0000	1.0000	1.0000	1.0000	0.0000	0.0000	0.0000	0.0	0.0	0.0
"HPRR4310044"	0.0	0.0	0.0	0.0	0.0	0.0	0.0	0.0	0.0	0.0	0.0	0.0
"HPRR4310003"	0.0	0.0	0.0	0.0	0.0	0.0	0.0	0.0	0.0	0.0	0.0	0.0
"HPRR4310045"	0.0	0.0	0.0	0.0	0.0	0.0	0.0	0.0	0.0	0.0	0.0	0.0
"HPRR4310004"	0.0	0.0	0.0	0.0	0.0	0.0	0.0	0.0	0.0	0.0	0.0	0.0
"HPRR4310046"	0.0	0.0	0.0	0.0	0.0	0.0	0.0	0.0	0.0	0.0	0.0	0.0
"HPRR4310005"	0.0	0.0	0.0	0.0	0.0	0.0	0.0	0.0	0.0	0.0	0.0	0.0
"HPRR4310047"	0.0	0.0	0.0	0.0	0.0	0.0	0.0	0.0	0.0	0.0	0.0	0.0
"HPRR4310006"	0.0	0.0	0.0	0.0	0.0	0.0	0.0	0.0	0.0	0.0	0.0	0.0
"HPRR3790306"	1.0000	1.0000	1.0000	1.0000	1.0000	1.0000	0.9426	0.8880	0.9997	0.0	0.0	0.0
"HPRR4310048"	0.0	0.0	0.0	0.0	0.0	0.0	0.0	0.0	0.0	0.0	0.0	0.0
"HPRR4310007"	0.0	0.0	0.0	0.0	0.0	0.0	0.0	0.0	0.0	0.0	0.0	0.0
"HPRR4291030"	0.0	0.0	0.0	0.0	0.0	0.0	0.0	0.0	0.0	0.0	0.0	0.0
"HPRR4310008"	0.0	0.0	0.0	0.0	0.0	0.0	0.0	0.0	0.0	0.0	0.0	0.0
"HPRR4310009"	0.0	0.0	0.0	0.0	0.0	0.0	0.0	0.0	0.0	0.0	0.0	0.0
"HPRR4291032"	0.0	0.0	0.0	0.0	0.0	0.0	0.0	0.0	0.0	0.0	0.0	0.0
"HPRR232384"	1.0000	1.0000	1.0000	0.0000	0.0000	0.0000	1.0000	1.0000	1.0000	0.0	0.0	0.0
"HPRR4291033"	0.0	0.0	0.0	0.0	0.0	0.0	0.0	0.0	0.0	0.0	0.0	0.0
"HPRR4291034"	0.0	0.0	0.0	0.0	0.0	0.0	0.0	0.0	0.0	0.0	0.0	0.0
"HPRR4291035"	0.0	0.0	0.0	0.0	0.0	0.0	0.0	0.0	0.0	0.0	0.0	0.0
"HPRR4291036"	0.0	0.0	0.0	0.0	0.0	0.0	0.0	0.0	0.0	0.0	0.0	0.0
"HPRR4291037"	0.0	0.0	0.0	0.0	0.0	0.0	0.0	0.0	0.0	0.0	0.0	0.0
"HPRR4291038"	0.0	0.0	0.0	0.0	0.0	0.0	0.0	0.0	0.0	0.0	0.0	0.0
"HPRR4291039"	0.0	0.0	0.0	0.0	0.0	0.0	0.0	0.0	0.0	0.0	0.0	0.0
"HPRR4280170"	1.0000	1.0000	1.0000	1.0000	1.0000	1.0000	0.0000	0.0000	0.0000	0.0	0.0	0.0
"HPRR4030352"	0.9996	0.9996	0.9995	1.0000	1.0000	1.0000	0.0000	0.0000	0.0000	0.0	0.0	0.0
"HPRR4280132"	0.9899	0.9911	0.9988	1.0000	1.0000	1.0000	0.0000	0.0000	0.0000	0.0	0.0	0.0
"HPRR390019"	1.0000	1.0000	1.0000	0.0000	0.0000	0.0000	1.0000	1.0000	1.0000	0.0	0.0	0.0
"HPRR4030046"	1.0000	1.0000	1.0000	0.0000	0.0	0.0	1.0000	1.0000	1.0000	0.0	0.0	0.0
"HPRR3730410"	1.0000	1.0000	1.0000	1.0000	1.0000	1.0000	0.0	0.0	0.0	0.0	0.0	0.0
"HPRR3730453"	0.9985	0.9961	0.9772	0.9758	0.9855	0.9997	0.0000	0.0	0.0	0.9815	0.9994	0.0
"HPRR1950528"	1.0000	1.0000	1.0000	0.8755	0.0000	0.0000	1.0000	1.0000	1.0000	0.0	0.0	0.9885
"HPRR3730415"	1.0000	0.9978	1.0000	1.0000	1.0000	1.0000	1.0000	1.0000	1.0000	0.0	0.8671	0.0
"HPRR233074"	1.0000	1.0000	1.0000	1.0000	1.0000	1.0000	1.0000	1.0000	1.0000	0.0	0.0	0.0
"HPRR3730146"	1.0000	1.0000	1.0000	1.0000	1.0000	1.0000	0.0	0.0	0.0	0.0	0.0	0.0
"HPRR3830190"	1.0000	1.0000	1.0000	1.0000	1.0000	1.0000	0.0000	0.0000	0.0000	0.0	0.9984	0.0
"HPRR4320560"	0.0	0.0	0.0	0.0	0.0	0.0	0.0	0.0	0.0	0.0	0.0	0.0
"HPRR4320561"	0.0	0.0	0.0	0.0	0.0	0.0	0.0	0.0	0.0	0.0	0.0	0.0
"HPRR4320520"	0.0	0.0	0.0	0.0	0.0	0.0	0.0	0.0	0.0	0.0	0.0	0.0
"HPRR4320562"	0.0	0.0	0.0	0.0	0.0	0.0	0.0	0.0	0.0	0.0	0.0	0.0
"HPRR4320521"	0.0	0.0	0.0	0.0	0.0	0.0	0.0	0.0	0.0	0.0	0.0	0.0
"HPRR260088"	0.9962	0.9971	1.0000	0.0000	0.0000	0.0000	1.0000	1.0000	1.0000	0.0	0.0	0.0
"HPRR4320563"	0.0	0.0	0.0	0.0	0.0	0.0	0.0	0.0	0.0	0.0	0.0	0.0
"HPRR4320522"	0.0	0.0	0.0	0.0	0.0	0.0	0.0	0.0	0.0	0.0	0.0	0.0
"HPRR4320564"	0.0	0.0	0.0	0.0	0.0	0.0	0.0	0.0	0.0	0.0	0.0	0.0
"HPRR4320523"	0.0	0.0	0.0	0.0	0.0	0.0	0.0	0.0	0.0	0.0	0.0	0.0
"HPRR4320290"	0.0	0.0	0.0	0.0	0.0	0.0	0.0	0.0	0.0	0.0	0.0	0.0
"HPRR4320565"	0.0	0.0	0.0	0.0	0.0	0.0	0.0	0.0	0.0	0.0	0.0	0.0
"HPRR4320524"	0.0	0.0	0.0	0.0	0.0	0.0	0.0	0.0	0.0	0.0	0.0	0.0
"HPRR4320291"	0.0	0.0	0.0	0.0	0.0	0.0	0.0	0.0	0.0	0.0	0.0	0.0
"HPRR4320250"	0.0	0.0	0.0	0.0	0.0	0.0	0.0	0.0	0.0	0.0	0.0	0.0
"HPRR4320566"	0.0	0.0	0.0	0.0	0.0	0.0	0.0	0.0	0.0	0.0	0.0	0.0
"HPRR4320525"	0.0	0.0	0.0	0.0	0.0	0.0	0.0	0.0	0.0	0.0	0.0	0.0
"HPRR4320292"	0.0	0.0	0.0	0.0	0.0	0.0	0.0	0.0	0.0	0.0	0.0	0.0
"HPRR4320251"	0.0	0.0	0.0	0.0	0.0	0.0	0.0	0.0	0.0	0.0	0.0	0.0
"HPRR4320210"	0.0	0.0	0.0	0.0	0.0	0.0	0.0	0.0	0.0	0.0	0.0	0.0
"HPRR4320567"	0.0	0.0	0.0	0.0	0.0	0.0	0.0	0.0	0.0	0.0	0.0	0.0
"HPRR4320526"	0.0	0.0	0.0	0.0	0.0	0.0	0.0	0.0	0.0	0.0	0.0	0.0
"HPRR4320293"	0.0	0.0	0.0	0.0	0.0	0.0	0.0	0.0	0.0	0.0	0.0	0.0
"HPRR4320252"	0.0	0.0	0.0	0.0	0.0	0.0	0.0	0.0	0.0	0.0	0.0	0.0
"HPRR4320211"	0.0	0.0	0.0	0.0	0.0	0.0	0.0	0.0	0.0	0.0	0.0	0.0
"HPRR3760883"	1.0000	1.0000	1.0000	1.0000	1.0000	1.0000	0.0000	0.0000	0.0000	0.0	0.0	0.0
"HPRR4320568"	0.0	0.0	0.0	0.0	0.0	0.0	0.0	0.0	0.0	0.0	0.0	0.0
"HPRR4320527"	0.0	0.0	0.0	0.0	0.0	0.0	0.0	0.0	0.0	0.0	0.0	0.0
"HPRR4320294"	0.0	0.0	0.0	0.0	0.0	0.0	0.0	0.0	0.0	0.0	0.0	0.0
"HPRR4320253"	0.0	0.0	0.0	0.0	0.0	0.0	0.0	0.0	0.0	0.0	0.0	0.0
"HPRR4320569"	0.0	0.0	0.0	0.0	0.0	0.0	0.0	0.0	0.0	0.0	0.0	0.0
"HPRR4320528"	0.0	0.0	0.0	0.0	0.0	0.0	0.0	0.0	0.0	0.0	0.0	0.0
"HPRR4320295"	0.0	0.0	0.0	0.0	0.0	0.0	0.0	0.0	0.0	0.0	0.0	0.0
"HPRR4320254"	0.0	0.0	0.0	0.0	0.0	0.0	0.0	0.0	0.0	0.0	0.0	0.0
"HPRR4320213"	0.0	0.0	0.0	0.0	0.0	0.0	0.0	0.0	0.0	0.0	0.0	0.0
"HPRR4320529"	0.0	0.0	0.0	0.0	0.0	0.0	0.0	0.0	0.0	0.0	0.0	0.0
"HPRR4320296"	0.0	0.0	0.0	0.0	0.0	0.0	0.0	0.0	0.0	0.0	0.0	0.0
"HPRR4320255"	0.0	0.0	0.0	0.0	0.0	0.0	0.0	0.0	0.0	0.0	0.0	0.0
"HPRR4320214"	0.0	0.0	0.0	0.0	0.0	0.0	0.0	0.0	0.0	0.0	0.0	0.0
"HPRR4320297"	0.0	0.0	0.0	0.0	0.0	0.0	0.0	0.0	0.0	0.0	0.0	0.0
"HPRR4320256"	0.0	0.0	0.0	0.0	0.0	0.0	0.0	0.0	0.0	0.0	0.0	0.0
"HPRR4320215"	0.0	0.0	0.0	0.0	0.0	0.0	0.0	0.0	0.0	0.0	0.0	0.0
"HPRR4320298"	0.0	0.0	0.0	0.0	0.0	0.0	0.0	0.0	0.0	0.0	0.0	0.0
"HPRR4320257"	0.0	0.0	0.0	0.0	0.0	0.0	0.0	0.0	0.0	0.0	0.0	0.0
"HPRR4320216"	0.0	0.0	0.0	0.0	0.0	0.0	0.0	0.0	0.0	0.0	0.0	0.0
"HPRR4530051"	1.0000	1.0000	1.0000	1.0000	1.0000	1.0000	0.0000	0.0000	0.0000	0.0	0.0	0.0
"HPRR4320299"	0.0	0.0	0.0	0.0	0.0	0.0	0.0	0.0	0.0	0.0	0.0	0.0
"HPRR4320258"	0.0	0.0	0.0	0.0	0.0	0.0	0.0	0.0	0.0	0.0	0.0	0.0
"HPRR4320217"	0.0	0.0	0.0	0.0	0.0	0.0	0.0	0.0	0.0	0.0	0.0	0.0
"HPRR4320259"	0.0	0.0	0.0	0.0	0.0	0.0	0.0	0.0	0.0	0.0	0.0	0.0
"HPRR4320218"	0.0	0.0	0.0	0.0	0.0	0.0	0.0	0.0	0.0	0.0	0.0	0.0
"HPRR4320219"	0.0	0.0	0.0	0.0	0.0	0.0	0.0	0.0	0.0	0.0	0.0	0.0
"HPRR2551184"	1.0000	1.0000	1.0000	0.0000	0.0000	0.0000	1.0000	1.0000	1.0000	0.0	0.0	0.0
"HPRR2551185"	1.0000	1.0000	1.0000	0.0000	0.0000	0.0000	1.0000	1.0000	1.0000	0.0	0.0	0.0
"HPRR3690184"	1.0000	1.0000	1.0000	1.0000	1.0000	1.0000	0.0	0.0	0.0	0.0	0.0	0.0
"HPRR2441086"	0.0000	0.0000	0.0000	0.0000	0.0000	0.0000	0.9856	0.9971	1.0000	0.0	0.0	0.0
"HPRR140662"	1.0000	1.0000	1.0000	0.0000	0.0000	0.0000	1.0000	1.0000	1.0000	0.0	0.0	0.0
"HPRR4000237"	1.0000	1.0000	1.0000	1.0000	1.0000	1.0000	0.0000	0.0000	0.0000	0.0	0.0	0.0
"HPRR4030471"	1.0000	1.0000	1.0000	1.0000	1.0000	1.0000	0.0000	0.0000	0.0000	0.0	0.0	0.0
"HPRR2320042"	1.0000	1.0000	1.0000	1.0000	1.0000	1.0000	1.0000	1.0000	1.0000	0.0	0.0	0.0
"HPRR1450208"	1.0000	1.0000	1.0000	0.0000	0.0000	0.0000	1.0000	1.0000	1.0000	0.0	0.0	0.0
"HPRR2760180"	1.0000	1.0000	1.0000	0.0000	0.0000	0.9848	1.0000	1.0000	1.0000	0.0	0.0	0.0
"HPRR2760182"	1.0000	1.0000	1.0000	0.0	0.0	0.0	1.0000	1.0000	1.0000	0.0	0.0	0.0
"HPRR280079"	0.9999	1.0000	1.0000	0.0000	0.0000	0.0000	1.0000	1.0000	1.0000	0.0	0.0	0.0
"HPRR3950112"	1.0000	1.0000	1.0000	1.0000	1.0000	1.0000	0.0000	0.0000	0.0000	0.0	0.0	0.0
"HPRR2760146"	0.9854	0.9999	0.9966	0.0000	0.0000	0.0000	1.0000	0.9998	1.0000	0.0	0.0	0.0
"HPRR3700338"	1.0000	1.0000	1.0000	1.0000	1.0000	1.0000	0.0	0.0	0.0	0.0	0.0	0.0
"HPRR4160683"	1.0000	1.0000	0.9990	1.0000	1.0000	1.0000	0.0000	0.0000	0.0000	0.0	0.0	0.0
"HPRR230897"	1.0000	1.0000	1.0000	0.0000	0.0000	0.0000	1.0000	1.0000	1.0000	0.0	0.0	0.9885
"HPRR2550573"	0.0	0.4506	0.9955	0.0000	0.0000	0.0000	1.0000	1.0000	1.0000	0.0	0.0	0.0
"HPRR4290890"	0.0	0.0	0.0	0.0	0.0	0.0	0.0	0.0	0.0	0.0	0.0	0.0
"HPRR4120086"	0.0	0.8925	0.0	0.9999	0.9999	0.9998	0.9868	0.0	0.0000	0.0	0.0	0.0
"HPRR4290891"	0.0	0.0	0.0	0.0	0.0	0.0	0.0	0.0	0.0	0.0	0.0	0.0
"HPRR4290892"	0.0	0.0	0.0	0.0	0.0	0.0	0.0	0.0	0.0	0.0	0.0	0.0
"HPRR4290895"	0.0	0.0	0.0	0.0	0.0	0.0	0.0	0.0	0.0	0.0	0.0	0.0
"HPRR3830237"	0.9962	0.9302	1.0000	1.0000	1.0000	1.0000	0.0	0.0	0.0	0.0	0.0	0.0
"HPRR4320680"	0.0	0.0	0.0	0.0	0.0	0.0	0.0	0.0	0.0	0.0	0.0	0.0
"HPRR4290896"	0.0	0.0	0.0	0.0	0.0	0.0	0.0	0.0	0.0	0.0	0.0	0.0
"HPRR4320681"	0.0	0.0	0.0	0.0	0.0	0.0	0.0	0.0	0.0	0.0	0.0	0.0
"HPRR4320640"	0.0	0.0	0.0	0.0	0.0	0.0	0.0	0.0	0.0	0.0	0.0	0.0
"HPRR4320682"	0.0	0.0	0.0	0.0	0.0	0.0	0.0	0.0	0.0	0.0	0.0	0.0
"HPRR4320641"	0.0	0.0	0.0	0.0	0.0	0.0	0.0	0.0	0.0	0.0	0.0	0.0
"HPRR4320600"	0.0	0.0	0.0	0.0	0.0	0.0	0.0	0.0	0.0	0.0	0.0	0.0
"HPRR4320683"	0.0	0.0	0.0	0.0	0.0	0.0	0.0	0.0	0.0	0.0	0.0	0.0
"HPRR4320642"	0.0	0.0	0.0	0.0	0.0	0.0	0.0	0.0	0.0	0.0	0.0	0.0
"HPRR4320601"	0.0	0.0	0.0	0.0	0.0	0.0	0.0	0.0	0.0	0.0	0.0	0.0
"HPRR2540402"	0.9861	0.9961	0.9874	0.0	0.0000	0.0	0.9868	0.9862	1.0000	0.0	0.0	0.0
"HPRR4320684"	0.0	0.0	0.0	0.0	0.0	0.0	0.0	0.0	0.0	0.0	0.0	0.0
"HPRR4320643"	0.0	0.0	0.0	0.0	0.0	0.0	0.0	0.0	0.0	0.0	0.0	0.0
"HPRR4320602"	0.0	0.0	0.0	0.0	0.0	0.0	0.0	0.0	0.0	0.0	0.0	0.0
"HPRR1951645"	1.0000	1.0000	1.0000	0.0000	0.0000	0.0000	1.0000	1.0000	1.0000	0.0	0.0	0.0
"HPRR1951371"	1.0000	1.0000	1.0000	0.0000	0.0000	0.0000	1.0000	1.0000	1.0000	0.0	0.0	0.0
"HPRR4320685"	0.0	0.0	0.0	0.0	0.0	0.0	0.0	0.0	0.0	0.0	0.0	0.0
"HPRR4320644"	0.0	0.0	0.0	0.0	0.0	0.0	0.0	0.0	0.0	0.0	0.0	0.0
"HPRR4320603"	0.0	0.0	0.0	0.0	0.0	0.0	0.0	0.0	0.0	0.0	0.0	0.0
"HPRR4320370"	0.0	0.0	0.0	0.0	0.0	0.0	0.0	0.0	0.0	0.0	0.0	0.0
"HPRR231541"	0.9909	0.9896	0.9990	0.0000	0.0000	0.0000	0.9999	0.9997	1.0000	0.0	0.0	0.0
"HPRR4320686"	0.0	0.0	0.0	0.0	0.0	0.0	0.0	0.0	0.0	0.0	0.0	0.0
"HPRR4320645"	0.0	0.0	0.0	0.0	0.0	0.0	0.0	0.0	0.0	0.0	0.0	0.0
"HPRR4320604"	0.0	0.0	0.0	0.0	0.0	0.0	0.0	0.0	0.0	0.0	0.0	0.0
"HPRR4320371"	0.0	0.0	0.0	0.0	0.0	0.0	0.0	0.0	0.0	0.0	0.0	0.0
"HPRR4320330"	0.0	0.0	0.0	0.0	0.0	0.0	0.0	0.0	0.0	0.0	0.0	0.0
"HPRR4320687"	0.0	0.0	0.0	0.0	0.0	0.0	0.0	0.0	0.0	0.0	0.0	0.0
"HPRR4320646"	0.0	0.0	0.0	0.0	0.0	0.0	0.0	0.0	0.0	0.0	0.0	0.0
"HPRR4320605"	0.0	0.0	0.0	0.0	0.0	0.0	0.0	0.0	0.0	0.0	0.0	0.0
"HPRR4320331"	0.0	0.0	0.0	0.0	0.0	0.0	0.0	0.0	0.0	0.0	0.0	0.0
"HPRR4320688"	0.0	0.0	0.0	0.0	0.0	0.0	0.0	0.0	0.0	0.0	0.0	0.0
"HPRR4320647"	0.0	0.0	0.0	0.0	0.0	0.0	0.0	0.0	0.0	0.0	0.0	0.0
"HPRR4320606"	0.0	0.0	0.0	0.0	0.0	0.0	0.0	0.0	0.0	0.0	0.0	0.0
"HPRR4320373"	0.0	0.0	0.0	0.0	0.0	0.0	0.0	0.0	0.0	0.0	0.0	0.0
"HPRR4320332"	0.0	0.0	0.0	0.0	0.0	0.0	0.0	0.0	0.0	0.0	0.0	0.0
"HPRR4320689"	0.0	0.0	0.0	0.0	0.0	0.0	0.0	0.0	0.0	0.0	0.0	0.0
"HPRR4320648"	0.0	0.0	0.0	0.0	0.0	0.0	0.0	0.0	0.0	0.0	0.0	0.0
"HPRR4320607"	0.0	0.0	0.0	0.0	0.0	0.0	0.0	0.0	0.0	0.0	0.0	0.0
"HPRR4320374"	0.0	0.0	0.0	0.0	0.0	0.0	0.0	0.0	0.0	0.0	0.0	0.0
"HPRR4320333"	0.0	0.0	0.0	0.0	0.0	0.0	0.0	0.0	0.0	0.0	0.0	0.0
"HPRR4320649"	0.0	0.0	0.0	0.0	0.0	0.0	0.0	0.0	0.0	0.0	0.0	0.0
"HPRR4320608"	0.0	0.0	0.0	0.0	0.0	0.0	0.0	0.0	0.0	0.0	0.0	0.0
"HPRR4320375"	0.0	0.0	0.0	0.0	0.0	0.0	0.0	0.0	0.0	0.0	0.0	0.0
"HPRR4320334"	0.0	0.0	0.0	0.0	0.0	0.0	0.0	0.0	0.0	0.0	0.0	0.0
"HPRR4320060"	0.0	0.0	0.0	0.0	0.0	0.0	0.0	0.0	0.0	0.0	0.0	0.0
"HPRR4320609"	0.0	0.0	0.0	0.0	0.0	0.0	0.0	0.0	0.0	0.0	0.0	0.0
"HPRR4320376"	0.0	0.0	0.0	0.0	0.0	0.0	0.0	0.0	0.0	0.0	0.0	0.0
"HPRR4320061"	0.0	0.0	0.0	0.0	0.0	0.0	0.0	0.0	0.0	0.0	0.0	0.0
"HPRR4320020"	0.0	0.0	0.0	0.0	0.0	0.0	0.0	0.0	0.0	0.0	0.0	0.0
"HPRR4050190"	1.0000	1.0000	1.0000	1.0000	1.0000	1.0000	0.0000	0.0000	0.0000	0.0	0.0	0.0
"HPRR4320377"	0.0	0.0	0.0	0.0	0.0	0.0	0.0	0.0	0.0	0.0	0.0	0.0
"HPRR4320336"	0.0	0.0	0.0	0.0	0.0	0.0	0.0	0.0	0.0	0.0	0.0	0.0
"HPRR4320062"	0.0	0.0	0.0	0.0	0.0	0.0	0.0	0.0	0.0	0.0	0.0	0.0
"HPRR4320021"	0.0	0.0	0.0	0.0	0.0	0.0	0.0	0.0	0.0	0.0	0.0	0.0
"HPRR4320378"	0.0	0.0	0.0	0.0	0.0	0.0	0.0	0.0	0.0	0.0	0.0	0.0
"HPRR4320337"	0.0	0.0	0.0	0.0	0.0	0.0	0.0	0.0	0.0	0.0	0.0	0.0
"HPRR4320063"	0.0	0.0	0.0	0.0	0.0	0.0	0.0	0.0	0.0	0.0	0.0	0.0
"HPRR4320022"	0.0	0.0	0.0	0.0	0.0	0.0	0.0	0.0	0.0	0.0	0.0	0.0
"HPRR4320379"	0.0	0.0	0.0	0.0	0.0	0.0	0.0	0.0	0.0	0.0	0.0	0.0
"HPRR4320338"	0.0	0.0	0.0	0.0	0.0	0.0	0.0	0.0	0.0	0.0	0.0	0.0
"HPRR4320064"	0.0	0.0	0.0	0.0	0.0	0.0	0.0	0.0	0.0	0.0	0.0	0.0
"HPRR4320023"	0.0	0.0	0.0	0.0	0.0	0.0	0.0	0.0	0.0	0.0	0.0	0.0
"HPRR2500196"	1.0000	1.0000	1.0000	0.0000	0.0000	0.0000	1.0000	1.0000	1.0000	0.0	0.0	0.0
"HPRR4320339"	0.0	0.0	0.0	0.0	0.0	0.0	0.0	0.0	0.0	0.0	0.0	0.0
"HPRR4320065"	0.0	0.0	0.0	0.0	0.0	0.0	0.0	0.0	0.0	0.0	0.0	0.0
"HPRR4320024"	0.0	0.0	0.0	0.0	0.0	0.0	0.0	0.0	0.0	0.0	0.0	0.0
"HPRR3760696"	0.9991	0.9990	0.9992	1.0000	0.9855	1.0000	0.0000	0.0000	0.0000	0.0	0.0	0.0
"HPRR4320066"	0.0	0.0	0.0	0.0	0.0	0.0	0.0	0.0	0.0	0.0	0.0	0.0
"HPRR4320025"	0.0	0.0	0.0	0.0	0.0	0.0	0.0	0.0	0.0	0.0	0.0	0.0
"HPRR4320067"	0.0	0.0	0.0	0.0	0.0	0.0	0.0	0.0	0.0	0.0	0.0	0.0
"HPRR4320026"	0.0	0.0	0.0	0.0	0.0	0.0	0.0	0.0	0.0	0.0	0.0	0.0
"HPRR4320068"	0.0	0.0	0.0	0.0	0.0	0.0	0.0	0.0	0.0	0.0	0.0	0.0
"HPRR4320027"	0.0	0.0	0.0	0.0	0.0	0.0	0.0	0.0	0.0	0.0	0.0	0.0
"HPRR4320069"	0.0	0.0	0.0	0.0	0.0	0.0	0.0	0.0	0.0	0.0	0.0	0.0
"HPRR4320028"	0.0	0.0	0.0	0.0	0.0	0.0	0.0	0.0	0.0	0.0	0.0	0.0
"HPRR4320029"	0.0	0.0	0.0	0.0	0.0	0.0	0.0	0.0	0.0	0.0	0.0	0.0
"HPRR2640146"	1.0000	1.0000	1.0000	0.0000	0.0000	0.0000	1.0000	1.0000	1.0000	0.0	0.0	0.0
"HPRR2090043"	1.0000	1.0000	1.0000	0.7964	0.9111	0.0000	1.0000	1.0000	1.0000	0.0	0.0	0.0
"HPRR4420307"	0.0000	0.0000	0.0000	1.0000	1.0000	1.0000	0.0000	0.0000	0.0000	0.0	0.0	0.0
"HPRR3720679"	1.0000	1.0000	1.0000	1.0000	1.0000	1.0000	0.0000	0.0000	0.0000	0.0	1.0000	0.0
"HPRR2050028"	0.9999	0.9999	1.0000	0.0000	0.0000	0.0000	1.0000	1.0000	1.0000	0.0	0.0	0.0
"HPRR4450234"	0.0000	0.0000	0.0000	1.0000	1.0000	1.0000	0.0000	0.0000	0.0000	0.0	0.0	0.0
"HPRR1450675"	1.0000	1.0000	1.0000	0.0000	0.0000	0.0000	1.0000	1.0000	1.0000	0.0	0.0	0.0
"HPRR4520044"	1.0000	1.0000	1.0000	1.0000	1.0000	1.0000	0.0000	0.0000	0.0000	0.0	0.9891	0.0
"HPRR4520046"	1.0000	1.0000	1.0000	1.0000	1.0000	1.0000	0.0	0.0	0.0	0.0	0.0	0.0
"HPRR1952061"	0.9998	1.0000	0.9996	0.0000	0.0000	0.0000	1.0000	1.0000	1.0000	0.0	0.0	0.0
"HPRR1450363"	0.9996	0.9996	0.9996	0.0000	0.0000	0.0000	1.0000	1.0000	1.0000	0.0	0.0	0.0
"HPRR2700178"	1.0000	0.9998	1.0000	0.0000	0.0000	0.0000	1.0000	1.0000	1.0000	0.0	0.0	0.0
"HPRR2700179"	1.0000	1.0000	1.0000	0.0000	0.0000	0.0000	1.0000	1.0000	1.0000	0.0	0.0	0.0
"HPRR140746"	0.0000	0.0000	0.0000	0.0000	0.0000	0.0000	0.0	0.0	0.0	0.0	0.0	0.0
"HPRR3890559"	1.0000	1.0000	1.0000	1.0000	1.0000	1.0000	0.0000	0.0000	0.0000	0.0	0.0	0.0
"HPRR2110056"	1.0000	1.0000	1.0000	0.0000	0.0000	0.0000	1.0000	1.0000	1.0000	0.0	0.0	0.0
"HPRR1410031"	1.0000	1.0000	1.0000	0.0000	0.0000	0.0000	1.0000	1.0000	1.0000	0.0	0.0	0.0
"HPRR1450059"	1.0000	1.0000	1.0000	0.0000	0.0000	0.0000	1.0000	1.0000	1.0000	0.0	0.0	0.0
"HPRR280111"	1.0000	1.0000	1.0000	0.0000	0.0000	0.0000	1.0000	1.0000	1.0000	0.0	0.0	0.0
"HPRR3120119"	0.0	0.9855	0.9874	0.9779	0.9855	1.0000	0.0	0.0	0.0	0.0	0.0	0.0
"HPRR4340090"	0.0	0.0	0.0	0.0	0.0	0.0	0.0	0.0	0.0	0.0	0.0	0.0
"HPRR4340091"	0.0	0.0	0.0	0.0	0.0	0.0	0.0	0.0	0.0	0.0	0.0	0.0
"HPRR4340050"	0.0	0.0	0.0	0.0	0.0	0.0	0.0	0.0	0.0	0.0	0.0	0.0
"HPRR1370116"	0.9648	0.9980	0.9953	0.0000	0.0000	0.0000	1.0000	1.0000	1.0000	0.9815	0.0000	0.0
"HPRR340181"	1.0000	0.9999	1.0000	1.0000	0.0000	0.0000	1.0000	1.0000	1.0000	0.0	0.0	0.0
"HPRR4340092"	0.0	0.0	0.0	0.0	0.0	0.0	0.0	0.0	0.0	0.0	0.0	0.0
"HPRR4340051"	0.0	0.0	0.0	0.0	0.0	0.0	0.0	0.0	0.0	0.0	0.0	0.0
"HPRR4340010"	0.0	0.0	0.0	0.0	0.0	0.0	0.0	0.0	0.0	0.0	0.0	0.0
"HPRR4340093"	0.0	0.0	0.0	0.0	0.0	0.0	0.0	0.0	0.0	0.0	0.0	0.0
"HPRR4340052"	0.0	0.0	0.0	0.0	0.0	0.0	0.0	0.0	0.0	0.0	0.0	0.0
"HPRR4340011"	0.0	0.0	0.0	0.0	0.0	0.0	0.0	0.0	0.0	0.0	0.0	0.0
"HPRR4160492"	1.0000	1.0000	1.0000	1.0000	1.0000	1.0000	0.9146	0.9593	0.9895	0.0	0.9997	0.9422
"HPRR4340094"	0.0	0.0	0.0	0.0	0.0	0.0	0.0	0.0	0.0	0.0	0.0	0.0
"HPRR4340053"	0.0	0.0	0.0	0.0	0.0	0.0	0.0	0.0	0.0	0.0	0.0	0.0
"HPRR4340012"	0.0	0.0	0.0	0.0	0.0	0.0	0.0	0.0	0.0	0.0	0.0	0.0
"HPRR4340095"	0.0	0.0	0.0	0.0	0.0	0.0	0.0	0.0	0.0	0.0	0.0	0.0
"HPRR4340054"	0.0	0.0	0.0	0.0	0.0	0.0	0.0	0.0	0.0	0.0	0.0	0.0
"HPRR4340013"	0.0	0.0	0.0	0.0	0.0	0.0	0.0	0.0	0.0	0.0	0.0	0.0
"HPRR2930357"	0.9997	0.9997	0.9996	0.0000	0.0000	0.0000	1.0000	1.0000	1.0000	0.0	0.0	0.0
"HPRR4340096"	0.0	0.0	0.0	0.0	0.0	0.0	0.0	0.0	0.0	0.0	0.0	0.0
"HPRR4340055"	0.0	0.0	0.0	0.0	0.0	0.0	0.0	0.0	0.0	0.0	0.0	0.0
"HPRR4340014"	0.0	0.0	0.0	0.0	0.0	0.0	0.0	0.0	0.0	0.0	0.0	0.0
"HPRR4340097"	0.0	0.0	0.0	0.0	0.0	0.0	0.0	0.0	0.0	0.0	0.0	0.0
"HPRR4340056"	0.0	0.0	0.0	0.0	0.0	0.0	0.0	0.0	0.0	0.0	0.0	0.0
"HPRR4340015"	0.0	0.0	0.0	0.0	0.0	0.0	0.0	0.0	0.0	0.0	0.0	0.0
"HPRR4340098"	0.0	0.0	0.0	0.0	0.0	0.0	0.0	0.0	0.0	0.0	0.0	0.0
"HPRR4340057"	0.0	0.0	0.0	0.0	0.0	0.0	0.0	0.0	0.0	0.0	0.0	0.0
"HPRR4340016"	0.0	0.0	0.0	0.0	0.0	0.0	0.0	0.0	0.0	0.0	0.0	0.0
"HPRR4340099"	0.0	0.0	0.0	0.0	0.0	0.0	0.0	0.0	0.0	0.0	0.0	0.0
"HPRR4340058"	0.0	0.0	0.0	0.0	0.0	0.0	0.0	0.0	0.0	0.0	0.0	0.0
"HPRR4340017"	0.0	0.0	0.0	0.0	0.0	0.0	0.0	0.0	0.0	0.0	0.0	0.0
"HPRR4340059"	0.0	0.0	0.0	0.0	0.0	0.0	0.0	0.0	0.0	0.0	0.0	0.0
"HPRR4340018"	0.0	0.0	0.0	0.0	0.0	0.0	0.0	0.0	0.0	0.0	0.0	0.0
"HPRR4340019"	0.0	0.0	0.0	0.0	0.0	0.0	0.0	0.0	0.0	0.0	0.0	0.0
"HPRR4290970"	0.0	0.0	0.0	0.0	0.0	0.0	0.0	0.0	0.0	0.0	0.0	0.0
"HPRR4290971"	0.0	0.0	0.0	0.0	0.0	0.0	0.0	0.0	0.0	0.0	0.0	0.0
"HPRR4290931"	0.0	0.0	0.0	0.0	0.0	0.0	0.0	0.0	0.0	0.0	0.0	0.0
"HPRR4290973"	0.0	0.0	0.0	0.0	0.0	0.0	0.0	0.0	0.0	0.0	0.0	0.0
"HPRR4290932"	0.0	0.0	0.0	0.0	0.0	0.0	0.0	0.0	0.0	0.0	0.0	0.0
"HPRR4290933"	0.0	0.0	0.0	0.0	0.0	0.0	0.0	0.0	0.0	0.0	0.0	0.0
"HPRR4220485"	1.0000	1.0000	1.0000	1.0000	1.0000	1.0000	0.0000	0.0000	0.0	0.0	0.0	0.0
"HPRR4290976"	0.9999	1.0000	0.9992	1.0000	1.0000	1.0000	0.0000	0.0000	0.0000	0.0	0.0	0.0000
"HPRR4290935"	0.0	0.0	0.0	0.0	0.0	0.0	0.0	0.0	0.0	0.0	0.0	0.0
"HPRR4290977"	0.0	0.0	0.0	0.0	0.0	0.0	0.0	0.0	0.0	0.0	0.0	0.0
"HPRR4290978"	0.0	0.0	0.0	0.0	0.0	0.0	0.0	0.0	0.0	0.0	0.0	0.0
"HPRR4290979"	0.0	0.0	0.0	0.0	0.0	0.0	0.0	0.0	0.0	0.0	0.0	0.0
"HPRR4500051"	0.0	0.9855	0.9874	0.9779	0.9855	1.0000	0.0	0.0	0.0	0.0	0.0	0.0
"HPRR4320490"	0.0	0.0	0.0	0.0	0.0	0.0	0.0	0.0	0.0	0.0	0.0	0.0
"HPRR4290939"	0.0	0.0	0.0	0.0	0.0	0.0	0.0	0.0	0.0	0.0	0.0	0.0
"HPRR4320491"	0.9861	0.0	0.0	0.9855	0.9855	0.9874	0.0	0.0	0.0	0.0	0.0	0.0
"HPRR4320450"	0.0	0.0	0.0	0.0	0.0	0.0	0.0	0.0	0.0	0.0	0.0	0.0
"HPRR2650003"	1.0000	1.0000	1.0000	0.0000	0.0000	0.0000	1.0000	1.0000	1.0000	0.0	0.0	0.8950
"HPRR4320492"	0.0	0.0	0.0	0.0	0.0	0.0	0.0	0.0	0.0	0.0	0.0	0.0
"HPRR4320451"	0.0	0.0	0.0	0.0	0.0	0.0	0.0	0.0	0.0	0.0	0.0	0.0
"HPRR4320410"	0.0	0.0	0.0	0.0	0.0	0.0	0.0	0.0	0.0	0.0	0.0	0.0
"HPRR2540567"	1.0000	1.0000	1.0000	0.0000	0.0000	0.0000	1.0000	1.0000	1.0000	0.0	0.0	0.0
"HPRR4320493"	0.0	0.0	0.0	0.0	0.0	0.0	0.0	0.0	0.0	0.0	0.0	0.0
"HPRR4320452"	0.0	0.0	0.0	0.0	0.0	0.0	0.0	0.0	0.0	0.0	0.0	0.0
"HPRR4320411"	0.0	0.0	0.0	0.0	0.0	0.0	0.0	0.0	0.0	0.0	0.0	0.0
"HPRR4320494"	0.0	0.0	0.0	0.0	0.0	0.0	0.0	0.0	0.0	0.0	0.0	0.0
"HPRR4320453"	0.0	0.0	0.0	0.0	0.0	0.0	0.0	0.0	0.0	0.0	0.0	0.0
"HPRR4320412"	0.0	0.0	0.0	0.0	0.0	0.0	0.0	0.0	0.0	0.0	0.0	0.0
"HPRR4320495"	0.0	0.0	0.0	0.0	0.0	0.0	0.0	0.0	0.0	0.0	0.0	0.0
"HPRR4320454"	0.0	0.0	0.0	0.0	0.0	0.0	0.0	0.0	0.0	0.0	0.0	0.0
"HPRR4320413"	0.0	0.0	0.0	0.0	0.0	0.0	0.0	0.0	0.0	0.0	0.0	0.0
"HPRR4320180"	0.0	0.0	0.0	0.0	0.0	0.0	0.0	0.0	0.0	0.0	0.0	0.0
"HPRR4320496"	0.0	0.0	0.0	0.0	0.0	0.0	0.0	0.0	0.0	0.0	0.0	0.0
"HPRR4320455"	0.0	0.0	0.0	0.0	0.0	0.0	0.0	0.0	0.0	0.0	0.0	0.0
"HPRR4320414"	0.0	0.0	0.0	0.0	0.0	0.0	0.0	0.0	0.0	0.0	0.0	0.0
"HPRR4320181"	0.0	0.0	0.0	0.0	0.0	0.0	0.0	0.0	0.0	0.0	0.0	0.0
"HPRR4320140"	0.0	0.0	0.0	0.0	0.0	0.0	0.0	0.0	0.0	0.0	0.0	0.0
"HPRR4320497"	0.0	0.0	0.0	0.0	0.0	0.0	0.0	0.0	0.0	0.0	0.0	0.0
"HPRR4320456"	0.0	0.0	0.0	0.0	0.0	0.0	0.0	0.0	0.0	0.0	0.0	0.0
"HPRR4320415"	0.0	0.0	0.0	0.0	0.0	0.0	0.0	0.0	0.0	0.0	0.0	0.0
"HPRR4320182"	0.0	0.0	0.0	0.0	0.0	0.0	0.0	0.0	0.0	0.0	0.0	0.0
"HPRR4320141"	0.0	0.0	0.0	0.0	0.0	0.0	0.0	0.0	0.0	0.0	0.0	0.0
"HPRR4320100"	0.0	0.0	0.0	0.0	0.0	0.0	0.0	0.0	0.0	0.0	0.0	0.0
"HPRR4320498"	0.0	0.0	0.0	0.0	0.0	0.0	0.0	0.0	0.0	0.0	0.0	0.0
"HPRR4320457"	0.0	0.0	0.0	0.0	0.0	0.0	0.0	0.0	0.0	0.0	0.0	0.0
"HPRR4320416"	0.0	0.0	0.0	0.0	0.0	0.0	0.0	0.0	0.0	0.0	0.0	0.0
"HPRR4320183"	0.0	0.0	0.0	0.0	0.0	0.0	0.0	0.0	0.0	0.0	0.0	0.0
"HPRR4320142"	0.0	0.0	0.0	0.0	0.0	0.0	0.0	0.0	0.0	0.0	0.0	0.0
"HPRR4320101"	0.0	0.0	0.0	0.0	0.0	0.0	0.0	0.0	0.0	0.0	0.0	0.0
"HPRR4320417"	1.0000	1.0000	1.0000	1.0000	1.0000	1.0000	0.0	0.0000	0.0000	0.0	0.9891	0.0
"HPRR4320499"	0.0	0.0	0.0	0.0	0.0	0.0	0.0	0.0	0.0	0.0	0.0	0.0
"HPRR4320458"	0.0	0.0	0.0	0.0	0.0	0.0	0.0	0.0	0.0	0.0	0.0	0.0
"HPRR4320184"	0.0	0.0	0.0	0.0	0.0	0.0	0.0	0.0	0.0	0.0	0.0	0.0
"HPRR4320143"	0.0	0.0	0.0	0.0	0.0	0.0	0.0	0.0	0.0	0.0	0.0	0.0
"HPRR4320102"	0.0	0.0	0.0	0.0	0.0	0.0	0.0	0.0	0.0	0.0	0.0	0.0
"HPRR4320459"	0.0	0.0	0.0	0.0	0.0	0.0	0.0	0.0	0.0	0.0	0.0	0.0
"HPRR4320418"	0.0	0.0	0.0	0.0	0.0	0.0	0.0	0.0	0.0	0.0	0.0	0.0
"HPRR4320144"	0.0	0.0	0.0	0.0	0.0	0.0	0.0	0.0	0.0	0.0	0.0	0.0
"HPRR4320103"	0.0	0.0	0.0	0.0	0.0	0.0	0.0	0.0	0.0	0.0	0.0	0.0
"HPRR4320185"	0.0	0.0	0.0	0.0	0.0	0.0	0.0	0.0	0.0	0.0	0.0	0.0
"HPRR4320419"	0.0	0.0	0.0	0.0	0.0	0.0	0.0	0.0	0.0	0.0	0.0	0.0
"HPRR4320145"	0.0	0.0	0.0	0.0	0.0	0.0	0.0	0.0	0.0	0.0	0.0	0.0
"HPRR4320104"	0.0	0.0	0.0	0.0	0.0	0.0	0.0	0.0	0.0	0.0	0.0	0.0
"HPRR4320186"	0.0	0.0	0.0	0.0	0.0	0.0	0.0	0.0	0.0	0.0	0.0	0.0
"HPRR4320146"	0.0	0.0	0.0	0.0	0.0	0.0	0.0	0.0	0.0	0.0	0.0	0.0
"HPRR4320105"	0.0	0.0	0.0	0.0	0.0	0.0	0.0	0.0	0.0	0.0	0.0	0.0
"HPRR4320187"	0.0	0.0	0.0	0.0	0.0	0.0	0.0	0.0	0.0	0.0	0.0	0.0
"HPRR4320147"	0.0	0.0	0.0	0.0	0.0	0.0	0.0	0.0	0.0	0.0	0.0	0.0
"HPRR4320106"	0.0	0.0	0.0	0.0	0.0	0.0	0.0	0.0	0.0	0.0	0.0	0.0
"HPRR4320188"	0.0	0.0	0.0	0.0	0.0	0.0	0.0	0.0	0.0	0.0	0.0	0.0
"HPRR4320148"	0.0	0.0	0.0	0.0	0.0	0.0	0.0	0.0	0.0	0.0	0.0	0.0
"HPRR4320107"	0.0	0.0	0.0	0.0	0.0	0.0	0.0	0.0	0.0	0.0	0.0	0.0
"HPRR4320189"	0.0	0.0	0.0	0.0	0.0	0.0	0.0	0.0	0.0	0.0	0.0	0.0
"HPRR2890041"	1.0000	1.0000	1.0000	0.0000	0.0000	0.0000	1.0000	1.0000	1.0000	0.0	0.0	0.0
"HPRR4320149"	0.0	0.0	0.0	0.0	0.0	0.0	0.0	0.0	0.0	0.0	0.0	0.0
"HPRR4320108"	0.0	0.0	0.0	0.0	0.0	0.0	0.0	0.0	0.0	0.0	0.0	0.0
"HPRR4320109"	0.0	0.0	0.0	0.0	0.0	0.0	0.0	0.0	0.0	0.0	0.0	0.0
"HPRR4390367"	0.4252	0.8533	0.0000	1.0000	1.0000	1.0000	0.0000	0.0000	0.0000	0.0	0.0	0.0
"HPRR3720402"	0.9993	0.9992	1.0000	1.0000	1.0000	1.0000	0.0000	0.0000	0.0	0.0	0.0	0.0
"HPRR4350071"	1.0000	1.0000	1.0000	1.0000	1.0000	1.0000	0.0	0.0000	0.0000	0.0	0.0	0.0
"HPRR4350072"	0.0000	0.0000	0.0000	0.9995	0.9999	0.9848	0.0000	0.0000	0.0000	0.0	0.0	0.0
"HPRR4310010"	0.0	0.0	0.0	0.0	0.0	0.0	0.0	0.0	0.0	0.0	0.0	0.0
"HPRR4310011"	0.0	0.0	0.0	0.0	0.0	0.0	0.0	0.0	0.0	0.0	0.0	0.0
"HPRR3790667"	1.0000	1.0000	1.0000	1.0000	1.0000	1.0000	0.0	0.0000	0.0000	0.0	0.0	0.0
"HPRR4310012"	0.0	0.0	0.0	0.0	0.0	0.0	0.0	0.0	0.0	0.0	0.0	0.0
"HPRR4310053"	0.0	0.0	0.0	0.0	0.0	0.0	0.0	0.0	0.0	0.0	0.0	0.0
"HPRR2810004"	1.0000	1.0000	1.0000	0.0000	1.0000	0.0000	1.0000	1.0000	1.0000	0.0	0.0	0.0
"HPRR4310013"	0.0	0.0	0.0	0.0	0.0	0.0	0.0	0.0	0.0	0.0	0.0	0.0
"HPRR4310054"	0.0	0.0	0.0	0.0	0.0	0.0	0.0	0.0	0.0	0.0	0.0	0.0
"HPRR4310014"	0.0	0.0	0.0	0.0	0.0	0.0	0.0	0.0	0.0	0.0	0.0	0.0
"HPRR4310055"	0.0	0.0	0.0	0.0	0.0	0.0	0.0	0.0	0.0	0.0	0.0	0.0
"HPRR4310015"	0.0	0.0	0.0	0.0	0.0	0.0	0.0	0.0	0.0	0.0	0.0	0.0
"HPRR4310056"	0.0	0.0	0.0	0.0	0.0	0.0	0.0	0.0	0.0	0.0	0.0	0.0
"HPRR4310016"	0.0	0.0	0.0	0.0	0.0	0.0	0.0	0.0	0.0	0.0	0.0	0.0
"HPRR2110442"	1.0000	1.0000	1.0000	0.0000	0.0000	0.0000	0.9902	0.0	0.0	0.0	0.0	0.0
"HPRR4310017"	0.0	0.0	0.0	0.0	0.0	0.0	0.0	0.0	0.0	0.0	0.0	0.0
"HPRR4291040"	0.0	0.0	0.0	0.0	0.0	0.0	0.0	0.0	0.0	0.0	0.0	0.0
"HPRR4310058"	0.0	0.0	0.0	0.0	0.0	0.0	0.0	0.0	0.0	0.0	0.0	0.0
"HPRR232666"	0.0000	0.0000	0.0000	0.0000	0.0000	0.0000	0.9337	0.0	0.0	0.0	0.0	0.0
"HPRR4310018"	0.0	0.0	0.0	0.0	0.0	0.0	0.0	0.0	0.0	0.0	0.0	0.0
"HPRR4291041"	0.0	0.0	0.0	0.0	0.0	0.0	0.0	0.0	0.0	0.0	0.0	0.0
"HPRR4291000"	0.0	0.0	0.0	0.0	0.0	0.0	0.0	0.0	0.0	0.0	0.0	0.0
"HPRR4310019"	0.0	0.0	0.0	0.0	0.0	0.0	0.0	0.0	0.0	0.0	0.0	0.0
"HPRR4291001"	0.0	0.0	0.0	0.0	0.0	0.0	0.0	0.0	0.0	0.0	0.0	0.0
"HPRR4291044"	0.0	0.0	0.0	0.0	0.0	0.0	0.0	0.0	0.0	0.0	0.0	0.0
"HPRR4291045"	0.0	0.0	0.0	0.0	0.0	0.0	0.0	0.0	0.0	0.0	0.0	0.0
"HPRR2110489"	1.0000	1.0000	1.0000	0.0000	0.0000	0.0000	1.0000	1.0000	1.0000	0.0	0.0	0.9885
"HPRR4291046"	0.0	0.0	0.0	0.0	0.0	0.0	0.0	0.0	0.0	0.0	0.0	0.0
"HPRR4291005"	0.0	0.0	0.0	0.0	0.0	0.0	0.0	0.0	0.0	0.0	0.0	0.0
"HPRR4291047"	0.0	0.0	0.0	0.0	0.0	0.0	0.0	0.0	0.0	0.0	0.0	0.0
"HPRR4291006"	0.0	0.0	0.0	0.0	0.0	0.0	0.0	0.0	0.0	0.0	0.0	0.0
"HPRR4291048"	0.0	0.0	0.0	0.0	0.0	0.0	0.0	0.0	0.0	0.0	0.0	0.0
"HPRR4291007"	0.0	0.0	0.0	0.0	0.0	0.0	0.0	0.0	0.0	0.0	0.0	0.0
"HPRR4291049"	0.0	0.0	0.0	0.0	0.0	0.0	0.0	0.0	0.0	0.0	0.0	0.0
"HPRR4291008"	0.0	0.0	0.0	0.0	0.0	0.0	0.0	0.0	0.0	0.0	0.0	0.0
"HPRR3890095"	1.0000	1.0000	1.0000	1.0000	1.0000	1.0000	0.0000	0.0000	0.0000	0.0	0.0	0.0
"HPRR4030092"	1.0000	1.0000	1.0000	1.0000	1.0000	1.0000	0.0000	0.0000	0.0000	0.0	0.0	0.0
"HPRR4030012"	0.9993	0.9992	0.9989	1.0000	1.0000	1.0000	0.0000	0.0000	0.0000	0.0	0.0	0.0
"HPRR2760304"	1.0000	1.0000	1.0000	0.0000	0.0000	0.0000	1.0000	1.0000	1.0000	0.0	0.0	0.0
"HPRR1920021"	1.0000	1.0000	0.9874	0.0000	0.0000	0.0000	1.0000	1.0000	1.0000	0.0	0.0	0.0
"HPRR3910060"	1.0000	1.0000	1.0000	0.0000	0.0000	0.0000	1.0000	1.0000	1.0000	0.0	0.0	0.0
"HPRR3880239"	0.9861	0.9997	0.9150	1.0000	1.0000	0.9982	0.0000	0.0000	0.0000	0.0	0.0	0.0
"HPRR2200011"	1.0000	1.0000	1.0000	0.0000	0.0000	0.0000	1.0000	1.0000	1.0000	0.0	0.0000	0.9972
"HPRR3730192"	0.9962	0.9980	0.9951	1.0000	1.0000	1.0000	0.0000	0.0000	0.0000	0.0	0.0	0.0
"HPRR1950268"	1.0000	1.0000	1.0000	0.0000	0.0000	0.0000	1.0000	1.0000	1.0000	0.0	0.0	0.0
"HPRR3730429"	0.9704	0.0000	0.0000	0.9995	0.9997	0.9767	0.0000	0.0000	0.0000	0.0	0.0	0.0
"HPRR1950229"	1.0000	1.0000	1.0000	0.0000	0.0000	0.0000	1.0000	1.0000	1.0000	0.0	0.0	0.0
"HPRR4320570"	0.0	0.0	0.0	0.0	0.0	0.0	0.0	0.0	0.0	0.0	0.0	0.0
"HPRR3830169"	1.0000	1.0000	1.0000	1.0000	1.0000	1.0000	0.0000	0.0	0.0	0.0	0.9832	0.0
"HPRR4320571"	0.0	0.0	0.0	0.0	0.0	0.0	0.0	0.0	0.0	0.0	0.0	0.0
"HPRR4320530"	0.0	0.0	0.0	0.0	0.0	0.0	0.0	0.0	0.0	0.0	0.0	0.0
"HPRR4320572"	0.0	0.0	0.0	0.0	0.0	0.0	0.0	0.0	0.0	0.0	0.0	0.0
"HPRR4320531"	0.0	0.0	0.0	0.0	0.0	0.0	0.0	0.0	0.0	0.0	0.0	0.0
"HPRR4320573"	0.0	0.0	0.0	0.0	0.0	0.0	0.0	0.0	0.0	0.0	0.0	0.0
"HPRR4320532"	0.0	0.0	0.0	0.0	0.0	0.0	0.0	0.0	0.0	0.0	0.0	0.0
"HPRR4320574"	0.0	0.0	0.0	0.0	0.0	0.0	0.0	0.0	0.0	0.0	0.0	0.0
"HPRR4320533"	0.0	0.0	0.0	0.0	0.0	0.0	0.0	0.0	0.0	0.0	0.0	0.0
"HPRR4320575"	0.0	0.0	0.0	0.0	0.0	0.0	0.0	0.0	0.0	0.0	0.0	0.0
"HPRR4320534"	0.0	0.0	0.0	0.0	0.0	0.0	0.0	0.0	0.0	0.0	0.0	0.0
"HPRR4320260"	0.0	0.0	0.0	0.0	0.0	0.0	0.0	0.0	0.0	0.0	0.0	0.0
"HPRR2540609"	1.0000	1.0000	1.0000	0.0000	0.0000	0.0000	1.0000	1.0000	1.0000	0.0	0.0	0.0
"HPRR1951262"	1.0000	1.0000	1.0000	0.0000	0.0	0.0000	1.0000	1.0000	1.0000	0.0	0.0	0.0
"HPRR4320576"	0.0	0.0	0.0	0.0	0.0	0.0	0.0	0.0	0.0	0.0	0.0	0.0
"HPRR4320535"	0.0	0.0	0.0	0.0	0.0	0.0	0.0	0.0	0.0	0.0	0.0	0.0
"HPRR4320261"	0.0	0.0	0.0	0.0	0.0	0.0	0.0	0.0	0.0	0.0	0.0	0.0
"HPRR4320220"	0.0	0.0	0.0	0.0	0.0	0.0	0.0	0.0	0.0	0.0	0.0	0.0
"HPRR1951263"	1.0000	1.0000	1.0000	0.0000	0.0000	0.0000	1.0000	1.0000	1.0000	0.0	0.0	0.0
"HPRR4320577"	0.0	0.0	0.0	0.0	0.0	0.0	0.0	0.0	0.0	0.0	0.0	0.0
"HPRR4320536"	0.0	0.0	0.0	0.0	0.0	0.0	0.0	0.0	0.0	0.0	0.0	0.0
"HPRR4320262"	0.0	0.0	0.0	0.0	0.0	0.0	0.0	0.0	0.0	0.0	0.0	0.0
"HPRR4320221"	0.0	0.0	0.0	0.0	0.0	0.0	0.0	0.0	0.0	0.0	0.0	0.0
"HPRR4320578"	0.0	0.0	0.0	0.0	0.0	0.0	0.0	0.0	0.0	0.0	0.0	0.0
"HPRR4320537"	0.0	0.0	0.0	0.0	0.0	0.0	0.0	0.0	0.0	0.0	0.0	0.0
"HPRR4320263"	0.0	0.0	0.0	0.0	0.0	0.0	0.0	0.0	0.0	0.0	0.0	0.0
"HPRR4320222"	0.0	0.0	0.0	0.0	0.0	0.0	0.0	0.0	0.0	0.0	0.0	0.0
"HPRR4320579"	0.0	0.0	0.0	0.0	0.0	0.0	0.0	0.0	0.0	0.0	0.0	0.0
"HPRR4320538"	0.0	0.0	0.0	0.0	0.0	0.0	0.0	0.0	0.0	0.0	0.0	0.0
"HPRR4320264"	0.0	0.0	0.0	0.0	0.0	0.0	0.0	0.0	0.0	0.0	0.0	0.0
"HPRR4320223"	0.0	0.0	0.0	0.0	0.0	0.0	0.0	0.0	0.0	0.0	0.0	0.0
"HPRR680239"	1.0000	1.0000	1.0000	0.0000	0.0000	0.0000	1.0000	1.0000	1.0000	0.0	0.0	0.0
"HPRR4320539"	0.0	0.0	0.0	0.0	0.0	0.0	0.0	0.0	0.0	0.0	0.0	0.0
"HPRR4320265"	0.0	0.0	0.0	0.0	0.0	0.0	0.0	0.0	0.0	0.0	0.0	0.0
"HPRR4320224"	0.0	0.0	0.0	0.0	0.0	0.0	0.0	0.0	0.0	0.0	0.0	0.0
"HPRR4320266"	0.0	0.0	0.0	0.0	0.0	0.0	0.0	0.0	0.0	0.0	0.0	0.0
"HPRR4320225"	0.0	0.0	0.0	0.0	0.0	0.0	0.0	0.0	0.0	0.0	0.0	0.0
"HPRR4320267"	0.0	0.0	0.0	0.0	0.0	0.0	0.0	0.0	0.0	0.0	0.0	0.0
"HPRR4320226"	0.0	0.0	0.0	0.0	0.0	0.0	0.0	0.0	0.0	0.0	0.0	0.0
"HPRR4320268"	0.0	0.0	0.0	0.0	0.0	0.0	0.0	0.0	0.0	0.0	0.0	0.0
"HPRR4320227"	0.0	0.0	0.0	0.0	0.0	0.0	0.0	0.0	0.0	0.0	0.0	0.0
"HPRR4320269"	0.0	0.0	0.0	0.0	0.0	0.0	0.0	0.0	0.0	0.0	0.0	0.0
"HPRR4320228"	0.0	0.0	0.0	0.0	0.0	0.0	0.0	0.0	0.0	0.0	0.0	0.0
"HPRR4320229"	0.0	0.0	0.0	0.0	0.0	0.0	0.0	0.0	0.0	0.0	0.0	0.0
"HPRR2500088"	1.0000	1.0000	1.0000	0.0000	0.0000	0.0000	1.0000	1.0000	1.0000	0.0	0.0	0.0
"HPRR4190307"	1.0000	1.0000	1.0000	1.0000	1.0000	1.0000	0.0000	0.0000	0.0000	0.0	0.0	0.0
"HPRR1320009"	1.0000	1.0000	1.0000	0.0	0.0	0.0	1.0000	1.0000	1.0000	0.0	0.0	0.0
"HPRR2050226"	0.9962	0.9061	1.0000	0.0000	0.0000	0.0000	1.0000	1.0000	1.0000	0.0	0.0	0.0
"HPRR3761047"	0.9951	0.9989	0.9884	1.0000	1.0000	1.0000	0.0000	0.0000	0.0000	0.0	0.0	0.0
"HPRR4040265"	1.0000	1.0000	1.0000	1.0000	1.0000	1.0000	0.0	0.0	0.0	0.0	0.0	0.0
"HPRR2880070"	0.9962	0.9961	0.9959	0.0000	0.0000	0.0000	1.0000	1.0000	1.0000	0.0	0.0	0.0
"HPRR4000204"	0.9961	0.9961	0.9959	1.0000	1.0000	1.0000	0.0000	0.0000	0.0000	0.0	0.0	0.0
"HPRR2150237"	1.0000	1.0000	1.0000	0.0000	0.0000	0.0000	1.0000	1.0000	1.0000	0.0	0.0	0.0
"HPRR1450215"	1.0000	0.9986	1.0000	0.0000	0.0000	0.0000	1.0000	1.0000	1.0000	0.0	0.0	0.0
"HPRR4030441"	1.0000	1.0000	1.0000	1.0000	1.0000	1.0000	0.0000	0.0000	0.0000	0.0	0.0	0.0
"HPRR4030132"	1.0000	1.0000	1.0000	1.0000	1.0000	1.0000	0.0000	0.0000	0.0000	0.0	0.0	0.0
"HPRR280081"	1.0000	1.0000	1.0000	1.0000	1.0000	1.0000	1.0000	1.0000	1.0000	0.0	0.0	0.0
"HPRR4030177"	1.0000	1.0000	1.0000	1.0000	1.0000	1.0000	0.0	0.0	0.0	0.0	0.0	0.0
"HPRR3071109"	0.0000	0.0000	0.0000	0.0000	0.0000	0.0000	0.0	0.0	0.0	0.0	0.0	0.0
"HPRR280003"	1.0000	1.0000	1.0000	0.0	0.0	0.0	1.0000	1.0000	1.0000	0.0	0.0	0.0
"HPRR2280170"	1.0000	1.0000	0.9996	0.0000	0.0000	0.0000	1.0000	1.0000	1.0000	0.0	0.0	0.0
"HPRR1950385"	1.0000	1.0000	1.0000	0.0000	0.0000	0.0000	1.0000	1.0000	1.0000	0.0	0.0	0.0
"HPRR1950303"	1.0000	1.0000	1.0000	1.0000	1.0000	1.0000	1.0000	1.0000	1.0000	0.0	0.9891	0.0
"HPRR4160302"	1.0000	1.0000	1.0000	1.0000	1.0000	1.0000	0.0000	0.0000	0.0000	0.0	0.0	0.0
"HPRR340034"	1.0000	1.0000	1.0000	0.0000	0.0000	0.0000	1.0000	1.0000	1.0000	0.0	0.9891	0.0
"HPRR3730589"	0.0	0.0	0.0000	1.0000	1.0000	1.0000	0.0000	0.0000	0.0000	0.0	0.0	0.0
"HPRR1950075"	1.0000	1.0000	1.0000	0.0000	0.0000	0.0000	1.0000	1.0000	1.0000	0.0	0.0	0.0
"HPRR3730276"	1.0000	1.0000	1.0000	1.0000	1.0000	1.0000	0.0	0.0000	0.0000	0.0	0.0	0.0
"HPRR340039"	0.9962	0.9995	0.9994	0.0000	0.0000	0.0000	1.0000	1.0000	1.0000	0.0	0.0	0.0
"HPRR2620002"	0.0000	0.9978	0.0000	0.8945	0.0000	0.0000	0.0000	0.0000	0.0000	0.0	0.0000	0.0
"HPRR2510213"	0.9997	1.0000	1.0000	0.0000	0.0000	0.0000	1.0000	1.0000	1.0000	0.0	0.0	0.0
"HPRR2440405"	1.0000	1.0000	1.0000	0.0000	0.0000	0.0000	1.0000	1.0000	1.0000	0.0	0.0	0.0
"HPRR3830287"	0.9993	0.9997	0.9992	1.0000	1.0000	1.0000	0.0000	0.0000	0.0000	0.0	0.0	0.0
"HPRR4320690"	0.0	0.0	0.0	0.0	0.0	0.0	0.0	0.0	0.0	0.0	0.0	0.0
"HPRR540010"	1.0000	1.0000	1.0000	0.0000	0.0000	0.0000	1.0000	1.0000	1.0000	0.0	0.0	0.0
"HPRR4320691"	0.0	0.0	0.0	0.0	0.0	0.0	0.0	0.0	0.0	0.0	0.0	0.0
"HPRR4320650"	0.0	0.0	0.0	0.0	0.0	0.0	0.0	0.0	0.0	0.0	0.0	0.0
"HPRR4320692"	0.0	0.0	0.0	0.0	0.0	0.0	0.0	0.0	0.0	0.0	0.0	0.0
"HPRR4320651"	0.0	0.0	0.0	0.0	0.0	0.0	0.0	0.0	0.0	0.0	0.0	0.0
"HPRR4320610"	0.0	0.0	0.0	0.0	0.0	0.0	0.0	0.0	0.0	0.0	0.0	0.0
"HPRR4470196"	0.9805	0.9937	0.9989	1.0000	1.0000	1.0000	0.0000	0.0000	0.0000	0.0	0.0	0.0
"HPRR1951653"	0.0000	0.0000	0.0000	0.0000	0.0000	0.0000	1.0000	1.0000	1.0000	0.0	0.0	0.0
"HPRR4320693"	0.0	0.0	0.0	0.0	0.0	0.0	0.0	0.0	0.0	0.0	0.0	0.0
"HPRR4320652"	0.0	0.0	0.0	0.0	0.0	0.0	0.0	0.0	0.0	0.0	0.0	0.0
"HPRR4320611"	0.0	0.0	0.0	0.0	0.0	0.0	0.0	0.0	0.0	0.0	0.0	0.0
"HPRR540013"	1.0000	1.0000	1.0000	0.0	0.0	0.0	1.0000	1.0000	1.0000	0.0	0.0	0.0
"HPRR4320694"	0.0	0.0	0.0	0.0	0.0	0.0	0.0	0.0	0.0	0.0	0.0	0.0
"HPRR4320653"	0.0	0.0	0.0	0.0	0.0	0.0	0.0	0.0	0.0	0.0	0.0	0.0
"HPRR4320612"	0.0	0.0	0.0	0.0	0.0	0.0	0.0	0.0	0.0	0.0	0.0	0.0
"HPRR4290869"	0.0	0.0	0.0	0.0	0.0	0.0	0.0	0.0	0.0	0.0	0.0	0.0
"HPRR1010001"	1.0000	1.0000	1.0000	0.0000	0.8869	0.0000	1.0000	1.0000	1.0000	0.0	0.0	0.0
"HPRR500030"	1.0000	1.0000	1.0000	0.0000	0.0000	0.0000	1.0000	1.0000	1.0000	0.0	0.0	0.0
"HPRR4320695"	0.0	0.0	0.0	0.0	0.0	0.0	0.0	0.0	0.0	0.0	0.0	0.0
"HPRR4320654"	0.0	0.0	0.0	0.0	0.0	0.0	0.0	0.0	0.0	0.0	0.0	0.0
"HPRR4320613"	0.0	0.0	0.0	0.0	0.0	0.0	0.0	0.0	0.0	0.0	0.0	0.0
"HPRR4320380"	0.0	0.0	0.0	0.0	0.0	0.0	0.0	0.0	0.0	0.0	0.0	0.0
"HPRR4320381"	1.0000	1.0000	1.0000	1.0000	1.0000	1.0000	0.0	0.0	0.0	0.0	0.0	0.0
"HPRR4320696"	0.0	0.0	0.0	0.0	0.0	0.0	0.0	0.0	0.0	0.0	0.0	0.0
"HPRR4320655"	0.0	0.0	0.0	0.0	0.0	0.0	0.0	0.0	0.0	0.0	0.0	0.0
"HPRR4320614"	0.0	0.0	0.0	0.0	0.0	0.0	0.0	0.0	0.0	0.0	0.0	0.0
"HPRR4320340"	0.0	0.0	0.0	0.0	0.0	0.0	0.0	0.0	0.0	0.0	0.0	0.0
"HPRR4320615"	0.9962	0.9992	0.9992	1.0000	0.9855	0.9998	0.0000	0.0000	0.0000	0.0	0.0	0.0
"HPRR4320697"	0.0	0.0	0.0	0.0	0.0	0.0	0.0	0.0	0.0	0.0	0.0	0.0
"HPRR4320656"	0.0	0.0	0.0	0.0	0.0	0.0	0.0	0.0	0.0	0.0	0.0	0.0
"HPRR4320382"	0.0	0.0	0.0	0.0	0.0	0.0	0.0	0.0	0.0	0.0	0.0	0.0
"HPRR4320341"	0.0	0.0	0.0	0.0	0.0	0.0	0.0	0.0	0.0	0.0	0.0	0.0
"HPRR4320300"	0.0	0.0	0.0	0.0	0.0	0.0	0.0	0.0	0.0	0.0	0.0	0.0
"HPRR4320698"	0.0	0.0	0.0	0.0	0.0	0.0	0.0	0.0	0.0	0.0	0.0	0.0
"HPRR4320657"	0.0	0.0	0.0	0.0	0.0	0.0	0.0	0.0	0.0	0.0	0.0	0.0
"HPRR4320616"	0.0	0.0	0.0	0.0	0.0	0.0	0.0	0.0	0.0	0.0	0.0	0.0
"HPRR4320383"	0.0	0.0	0.0	0.0	0.0	0.0	0.0	0.0	0.0	0.0	0.0	0.0
"HPRR4320342"	0.0	0.0	0.0	0.0	0.0	0.0	0.0	0.0	0.0	0.0	0.0	0.0
"HPRR4320301"	0.0	0.0	0.0	0.0	0.0	0.0	0.0	0.0	0.0	0.0	0.0	0.0
"HPRR1951385"	1.0000	1.0000	1.0000	0.0000	0.0000	0.0000	0.0	0.0	0.0	0.0	0.0	0.0
"HPRR4320699"	0.0	0.0	0.0	0.0	0.0	0.0	0.0	0.0	0.0	0.0	0.0	0.0
"HPRR4320658"	0.0	0.0	0.0	0.0	0.0	0.0	0.0	0.0	0.0	0.0	0.0	0.0
"HPRR4320617"	0.0	0.0	0.0	0.0	0.0	0.0	0.0	0.0	0.0	0.0	0.0	0.0
"HPRR4320384"	0.0	0.0	0.0	0.0	0.0	0.0	0.0	0.0	0.0	0.0	0.0	0.0
"HPRR4320343"	0.0	0.0	0.0	0.0	0.0	0.0	0.0	0.0	0.0	0.0	0.0	0.0
"HPRR4320302"	0.0	0.0	0.0	0.0	0.0	0.0	0.0	0.0	0.0	0.0	0.0	0.0
"HPRR4320659"	0.0	0.0	0.0	0.0	0.0	0.0	0.0	0.0	0.0	0.0	0.0	0.0
"HPRR4320618"	0.0	0.0	0.0	0.0	0.0	0.0	0.0	0.0	0.0	0.0	0.0	0.0
"HPRR4320385"	0.0	0.0	0.0	0.0	0.0	0.0	0.0	0.0	0.0	0.0	0.0	0.0
"HPRR4320344"	0.0	0.0	0.0	0.0	0.0	0.0	0.0	0.0	0.0	0.0	0.0	0.0
"HPRR4320303"	0.0	0.0	0.0	0.0	0.0	0.0	0.0	0.0	0.0	0.0	0.0	0.0
"HPRR4320070"	0.0	0.0	0.0	0.0	0.0	0.0	0.0	0.0	0.0	0.0	0.0	0.0
"HPRR2470377"	0.9882	0.9897	0.0	0.0000	0.0000	0.0000	1.0000	1.0000	1.0000	0.0	0.0	0.0
"HPRR4320619"	0.0	0.0	0.0	0.0	0.0	0.0	0.0	0.0	0.0	0.0	0.0	0.0
"HPRR4320386"	0.0	0.0	0.0	0.0	0.0	0.0	0.0	0.0	0.0	0.0	0.0	0.0
"HPRR4320345"	0.0	0.0	0.0	0.0	0.0	0.0	0.0	0.0	0.0	0.0	0.0	0.0
"HPRR4320304"	0.0	0.0	0.0	0.0	0.0	0.0	0.0	0.0	0.0	0.0	0.0	0.0
"HPRR4320071"	0.0	0.0	0.0	0.0	0.0	0.0	0.0	0.0	0.0	0.0	0.0	0.0
"HPRR4320030"	0.0	0.0	0.0	0.0	0.0	0.0	0.0	0.0	0.0	0.0	0.0	0.0
"HPRR1951347"	1.0000	1.0000	1.0000	0.0000	0.0	0.0000	1.0000	1.0000	1.0000	0.0	0.0	0.0
"HPRR4320387"	0.0	0.0	0.0	0.0	0.0	0.0	0.0	0.0	0.0	0.0	0.0	0.0
"HPRR4320346"	0.0	0.0	0.0	0.0	0.0	0.0	0.0	0.0	0.0	0.0	0.0	0.0
"HPRR4320305"	0.0	0.0	0.0	0.0	0.0	0.0	0.0	0.0	0.0	0.0	0.0	0.0
"HPRR4320072"	0.0	0.0	0.0	0.0	0.0	0.0	0.0	0.0	0.0	0.0	0.0	0.0
"HPRR4320031"	0.0	0.0	0.0	0.0	0.0	0.0	0.0	0.0	0.0	0.0	0.0	0.0
"HPRR2990028"	1.0000	1.0000	1.0000	1.0000	1.0000	1.0000	0.0000	0.0000	0.0000	0.0	0.0	0.0
"HPRR4320388"	0.0	0.0	0.0	0.0	0.0	0.0	0.0	0.0	0.0	0.0	0.0	0.0
"HPRR4320347"	0.0	0.0	0.0	0.0	0.0	0.0	0.0	0.0	0.0	0.0	0.0	0.0
"HPRR4320306"	0.0	0.0	0.0	0.0	0.0	0.0	0.0	0.0	0.0	0.0	0.0	0.0
"HPRR4320073"	0.0	0.0	0.0	0.0	0.0	0.0	0.0	0.0	0.0	0.0	0.0	0.0
"HPRR4320032"	0.0	0.0	0.0	0.0	0.0	0.0	0.0	0.0	0.0	0.0	0.0	0.0
"HPRR4320389"	0.0	0.0	0.0	0.0	0.0	0.0	0.0	0.0	0.0	0.0	0.0	0.0
"HPRR4320348"	0.0	0.0	0.0	0.0	0.0	0.0	0.0	0.0	0.0	0.0	0.0	0.0
"HPRR4320307"	0.0	0.0	0.0	0.0	0.0	0.0	0.0	0.0	0.0	0.0	0.0	0.0
"HPRR4320074"	0.0	0.0	0.0	0.0	0.0	0.0	0.0	0.0	0.0	0.0	0.0	0.0
"HPRR4320033"	0.0	0.0	0.0	0.0	0.0	0.0	0.0	0.0	0.0	0.0	0.0	0.0
"HPRR4320349"	0.0	0.0	0.0	0.0	0.0	0.0	0.0	0.0	0.0	0.0	0.0	0.0
"HPRR4320308"	0.0	0.0	0.0	0.0	0.0	0.0	0.0	0.0	0.0	0.0	0.0	0.0
"HPRR4320075"	0.0	0.0	0.0	0.0	0.0	0.0	0.0	0.0	0.0	0.0	0.0	0.0
"HPRR4320034"	0.0	0.0	0.0	0.0	0.0	0.0	0.0	0.0	0.0	0.0	0.0	0.0
"HPRR3140345"	1.0000	1.0000	1.0000	0.0000	0.0000	0.0000	1.0000	1.0000	1.0000	0.0	0.0	0.9993
"HPRR4320309"	0.0	0.0	0.0	0.0	0.0	0.0	0.0	0.0	0.0	0.0	0.0	0.0
"HPRR4320076"	0.0	0.0	0.0	0.0	0.0	0.0	0.0	0.0	0.0	0.0	0.0	0.0
"HPRR4320035"	0.0	0.0	0.0	0.0	0.0	0.0	0.0	0.0	0.0	0.0	0.0	0.0
"HPRR4320077"	0.0	0.0	0.0	0.0	0.0	0.0	0.0	0.0	0.0	0.0	0.0	0.0
"HPRR4320036"	0.0	0.0	0.0	0.0	0.0	0.0	0.0	0.0	0.0	0.0	0.0	0.0
"HPRR4190190"	0.9996	0.9997	0.9996	1.0000	1.0000	1.0000	0.0000	0.0000	0.0000	0.0	0.0	0.0
"HPRR4320078"	0.0	0.0	0.0	0.0	0.0	0.0	0.0	0.0	0.0	0.0	0.0	0.0
"HPRR4320037"	0.0	0.0	0.0	0.0	0.0	0.0	0.0	0.0	0.0	0.0	0.0	0.0
"HPRR4320079"	0.0	0.0	0.0	0.0	0.0	0.0	0.0	0.0	0.0	0.0	0.0	0.0
"HPRR4320038"	0.0	0.0	0.0	0.0	0.0	0.0	0.0	0.0	0.0	0.0	0.0	0.0
"HPRR4320039"	0.0	0.0	0.0	0.0	0.0	0.0	0.0	0.0	0.0	0.0	0.0	0.0
"HPRR4190113"	0.9993	1.0000	1.0000	1.0000	1.0000	1.0000	0.0000	0.0000	0.0000	0.0	0.0	0.0
"HPRR3720606"	1.0000	1.0000	1.0000	1.0000	1.0000	1.0000	0.0000	0.0000	0.0000	0.0	0.0	0.0
"HPRR4110422"	0.9962	0.9961	0.9959	1.0000	1.0000	1.0000	0.0000	0.0000	0.0000	0.0	0.0	0.0
"HPRR2050032"	1.0000	1.0000	1.0000	0.0000	0.0000	0.0000	1.0000	1.0000	1.0000	0.0	0.0	0.0
"HPRR4420088"	0.0000	0.0000	0.0000	0.7964	0.9111	0.9891	0.0000	0.0000	0.0000	0.0	0.0	0.0
"HPRR3720023"	0.0000	0.0000	0.0000	1.0000	1.0000	1.0000	0.0000	0.0000	0.0000	0.0	0.0	0.0
"HPRR2010050"	1.0000	1.0000	1.0000	0.0000	0.0000	0.0000	1.0000	1.0000	1.0000	0.0	0.0	0.0
"HPRR3760008"	1.0000	1.0000	1.0000	1.0000	1.0000	1.0000	0.0000	0.0	0.0	0.0	0.0	0.0
"HPRR2150393"	1.0000	1.0000	1.0000	0.0	0.0	0.0	1.0000	1.0000	1.0000	0.0	0.0	0.0
"HPRR4110155"	1.0000	1.0000	1.0000	1.0000	1.0000	1.0000	0.0	0.0	0.0	0.0	0.9891	0.0
"HPRR4000324"	1.0000	1.0000	1.0000	1.0000	1.0000	1.0000	0.0000	0.0000	0.0000	0.0	0.0	0.0
"HPRR1952070"	0.0000	0.0000	0.0000	0.0000	0.0000	0.0000	0.9426	0.0000	0.0000	0.0	0.0	0.0
"HPRR4180065"	1.0000	0.9855	1.0000	0.9998	1.0000	1.0000	0.0	0.0	0.0	0.0	0.0	0.0
"HPRR1310038"	0.9981	0.0000	0.9979	0.0000	0.0000	0.0000	0.9955	1.0000	1.0000	0.0	0.0	0.0
"HPRR4030528"	1.0000	1.0000	1.0000	1.0000	1.0000	1.0000	0.0000	0.0000	0.0	0.0	0.0	0.0
"HPRR3920089"	1.0000	1.0000	1.0000	1.0000	1.0000	1.0000	0.0000	0.0000	0.0000	0.0	0.0	0.0
"HPRR4240053"	1.0000	1.0000	1.0000	1.0000	1.0000	1.0000	0.0000	0.0000	0.0000	0.0	0.0	0.0
"HPRR2390048"	0.0000	0.0000	0.0000	0.0000	0.0000	0.0000	0.0000	0.0000	0.0000	0.0	0.9891	0.0
"HPRR2390049"	0.9988	0.9924	0.9971	0.0000	0.0000	0.0000	0.9998	1.0000	1.0000	0.0	0.0	0.0
"HPRR4340060"	0.0	0.0	0.0	0.0	0.0	0.0	0.0	0.0	0.0	0.0	0.0	0.0
"HPRR650006"	1.0000	1.0000	1.0000	0.0	0.0	0.0	1.0000	1.0000	1.0000	0.0	0.0	0.0
"HPRR4340061"	0.0	0.0	0.0	0.0	0.0	0.0	0.0	0.0	0.0	0.0	0.0	0.0
"HPRR4340020"	0.0	0.0	0.0	0.0	0.0	0.0	0.0	0.0	0.0	0.0	0.0	0.0
"HPRR4340062"	0.0	0.0	0.0	0.0	0.0	0.0	0.0	0.0	0.0	0.0	0.0	0.0
"HPRR4340021"	0.0	0.0	0.0	0.0	0.0	0.0	0.0	0.0	0.0	0.0	0.0	0.0
"HPRR4340063"	0.0	0.0	0.0	0.0	0.0	0.0	0.0	0.0	0.0	0.0	0.0	0.0
"HPRR4340022"	0.0	0.0	0.0	0.0	0.0	0.0	0.0	0.0	0.0	0.0	0.0	0.0
"HPRR4340064"	0.0	0.0	0.0	0.0	0.0	0.0	0.0	0.0	0.0	0.0	0.0	0.0
"HPRR4340023"	0.0	0.0	0.0	0.0	0.0	0.0	0.0	0.0	0.0	0.0	0.0	0.0
"HPRR1470130"	0.0000	0.9893	0.9941	0.0000	0.0000	0.0000	1.0000	0.9921	0.9851	0.0	0.0	0.0
"HPRR4340065"	0.0	0.0	0.0	0.0	0.0	0.0	0.0	0.0	0.0	0.0	0.0	0.0
"HPRR4340024"	0.0	0.0	0.0	0.0	0.0	0.0	0.0	0.0	0.0	0.0	0.0	0.0
"HPRR4340066"	0.0	0.0	0.0	0.0	0.0	0.0	0.0	0.0	0.0	0.0	0.0	0.0
"HPRR4340025"	0.0	0.0	0.0	0.0	0.0	0.0	0.0	0.0	0.0	0.0	0.0	0.0
"HPRR3730312"	0.9997	0.9995	0.9996	1.0000	1.0000	1.0000	0.0000	0.0000	0.0000	0.0	0.0	0.0
"HPRR2310049"	1.0000	1.0000	1.0000	0.0000	0.0000	0.0000	1.0000	1.0000	1.0000	0.0	0.0	0.0
"HPRR4340067"	0.0	0.0	0.0	0.0	0.0	0.0	0.0	0.0	0.0	0.0	0.0	0.0
"HPRR4340026"	0.0	0.0	0.0	0.0	0.0	0.0	0.0	0.0	0.0	0.0	0.0	0.0
"HPRR4340068"	0.0	0.0	0.0	0.0	0.0	0.0	0.0	0.0	0.0	0.0	0.0	0.0
"HPRR4340027"	0.0	0.0	0.0	0.0	0.0	0.0	0.0	0.0	0.0	0.0	0.0	0.0
"HPRR3730314"	1.0000	1.0000	1.0000	1.0000	1.0000	1.0000	0.0000	0.0000	0.0000	0.0	0.0	0.0
"HPRR2490019"	0.9962	0.9302	1.0000	1.0000	1.0000	1.0000	0.0	0.0	0.0	0.0	0.0	0.0
"HPRR4340069"	0.0	0.0	0.0	0.0	0.0	0.0	0.0	0.0	0.0	0.0	0.0	0.0
"HPRR4340028"	0.0	0.0	0.0	0.0	0.0	0.0	0.0	0.0	0.0	0.0	0.0	0.0
"HPRR4340029"	0.4931	0.9969	1.0000	1.0000	1.0000	1.0000	0.0	0.0	0.0	0.0	0.0	0.0
"HPRR3770029"	1.0000	1.0000	1.0000	1.0000	1.0000	1.0000	0.0000	0.0000	0.0000	0.0	0.0	0.0
"HPRR4290981"	0.0	0.0	0.0	0.0	0.0	0.0	0.0	0.0	0.0	0.0	0.0	0.0
"HPRR4290940"	0.0	0.0	0.0	0.0	0.0	0.0	0.0	0.0	0.0	0.0	0.0	0.0
"HPRR3870348"	1.0000	1.0000	1.0000	1.0000	1.0000	1.0000	0.0	0.0	0.0	0.0	0.0	0.0
"HPRR4290982"	0.0	0.0	0.0	0.0	0.0	0.0	0.0	0.0	0.0	0.0	0.0	0.0
"HPRR4290900"	0.0	0.0	0.0	0.0	0.0	0.0	0.0	0.0	0.0	0.0	0.0	0.0
"HPRR4290983"	0.0	0.0	0.0	0.0	0.0	0.0	0.0	0.0	0.0	0.0	0.0	0.0
"HPRR4290942"	0.0	0.0	0.0	0.0	0.0	0.0	0.0	0.0	0.0	0.0	0.0	0.0
"HPRR4290901"	0.0	0.0	0.0	0.0	0.0	0.0	0.0	0.0	0.0	0.0	0.0	0.0
"HPRR4290943"	0.0	0.0	0.0	0.0	0.0	0.0	0.0	0.0	0.0	0.0	0.0	0.0
"HPRR4290985"	0.0	0.0	0.0	0.0	0.0	0.0	0.0	0.0	0.0	0.0	0.0	0.0
"HPRR3870078"	1.0000	1.0000	1.0000	1.0000	1.0000	1.0000	0.0000	0.0000	0.0000	0.0	0.0	0.0
"HPRR4290986"	0.0	0.0	0.0	0.0	0.0	0.0	0.0	0.0	0.0	0.0	0.0	0.0
"HPRR4290945"	0.0	0.0	0.0	0.0	0.0	0.0	0.0	0.0	0.0	0.0	0.0	0.0
"HPRR4290987"	0.0	0.0	0.0	0.0	0.0	0.0	0.0	0.0	0.0	0.0	0.0	0.0
"HPRR4290946"	0.0	0.0	0.0	0.0	0.0	0.0	0.0	0.0	0.0	0.0	0.0	0.0
"HPRR4290988"	0.0	0.0	0.0	0.0	0.0	0.0	0.0	0.0	0.0	0.0	0.0	0.0
"HPRR4290947"	0.0	0.0	0.0	0.0	0.0	0.0	0.0	0.0	0.0	0.0	0.0	0.0
"HPRR4290906"	0.0	0.0	0.0	0.0	0.0	0.0	0.0	0.0	0.0	0.0	0.0	0.0
"HPRR4290989"	0.0	0.0	0.0	0.0	0.0	0.0	0.0	0.0	0.0	0.0	0.0	0.0
"HPRR4290948"	0.0	0.0	0.0	0.0	0.0	0.0	0.0	0.0	0.0	0.0	0.0	0.0
"HPRR4290907"	0.0	0.0	0.0	0.0	0.0	0.0	0.0	0.0	0.0	0.0	0.0	0.0
"HPRR3970041"	0.9981	0.9991	0.9980	1.0000	1.0000	1.0000	0.0000	0.0000	0.0000	0.0	0.0000	0.0
"HPRR4290949"	0.0	0.0	0.0	0.0	0.0	0.0	0.0	0.0	0.0	0.0	0.0	0.0
"HPRR4320460"	0.0	0.0	0.0	0.0	0.0	0.0	0.0	0.0	0.0	0.0	0.0	0.0
"HPRR4290909"	0.0	0.0	0.0	0.0	0.0	0.0	0.0	0.0	0.0	0.0	0.0	0.0
"HPRR4320461"	0.0	0.0	0.0	0.0	0.0	0.0	0.0	0.0	0.0	0.0	0.0	0.0
"HPRR4320420"	0.0	0.0	0.0	0.0	0.0	0.0	0.0	0.0	0.0	0.0	0.0	0.0
"HPRR4050590"	1.0000	1.0000	1.0000	1.0000	1.0000	1.0000	0.0000	0.0000	0.0000	0.0	0.0	0.0
"HPRR4320462"	0.0	0.0	0.0	0.0	0.0	0.0	0.0	0.0	0.0	0.0	0.0	0.0
"HPRR4320421"	0.0	0.0	0.0	0.0	0.0	0.0	0.0	0.0	0.0	0.0	0.0	0.0
"HPRR2540222"	0.0000	0.0	0.9650	0.0000	0.0000	0.0000	0.9999	0.9999	1.0000	0.0	0.0	0.0
"HPRR4320463"	0.0	0.0	0.0	0.0	0.0	0.0	0.0	0.0	0.0	0.0	0.0	0.0
"HPRR4320422"	0.0	0.0	0.0	0.0	0.0	0.0	0.0	0.0	0.0	0.0	0.0	0.0
"HPRR4320464"	0.0	0.0	0.0	0.0	0.0	0.0	0.0	0.0	0.0	0.0	0.0	0.0
"HPRR4320423"	0.0	0.0	0.0	0.0	0.0	0.0	0.0	0.0	0.0	0.0	0.0	0.0
"HPRR4320190"	0.0	0.0	0.0	0.0	0.0	0.0	0.0	0.0	0.0	0.0	0.0	0.0
"HPRR4050552"	0.0000	0.0000	0.0000	0.9855	0.9855	0.9874	0.0000	0.0000	0.0000	0.0	0.0	0.0
"HPRR4320465"	0.0	0.0	0.0	0.0	0.0	0.0	0.0	0.0	0.0	0.0	0.0	0.0
"HPRR4320424"	0.0	0.0	0.0	0.0	0.0	0.0	0.0	0.0	0.0	0.0	0.0	0.0
"HPRR4320191"	0.0	0.0	0.0	0.0	0.0	0.0	0.0	0.0	0.0	0.0	0.0	0.0
"HPRR4320150"	0.0	0.0	0.0	0.0	0.0	0.0	0.0	0.0	0.0	0.0	0.0	0.0
"HPRR4320466"	0.0	0.0	0.0	0.0	0.0	0.0	0.0	0.0	0.0	0.0	0.0	0.0
"HPRR4320425"	0.0	0.0	0.0	0.0	0.0	0.0	0.0	0.0	0.0	0.0	0.0	0.0
"HPRR4320192"	0.0	0.0	0.0	0.0	0.0	0.0	0.0	0.0	0.0	0.0	0.0	0.0
"HPRR4320110"	0.0	0.0	0.0	0.0	0.0	0.0	0.0	0.0	0.0	0.0	0.0	0.0
"HPRR4320467"	0.0	0.0	0.0	0.0	0.0	0.0	0.0	0.0	0.0	0.0	0.0	0.0
"HPRR4320426"	0.0	0.0	0.0	0.0	0.0	0.0	0.0	0.0	0.0	0.0	0.0	0.0
"HPRR4320193"	0.0	0.0	0.0	0.0	0.0	0.0	0.0	0.0	0.0	0.0	0.0	0.0
"HPRR4320152"	0.0	0.0	0.0	0.0	0.0	0.0	0.0	0.0	0.0	0.0	0.0	0.0
"HPRR4320111"	0.0	0.0	0.0	0.0	0.0	0.0	0.0	0.0	0.0	0.0	0.0	0.0
"HPRR4320468"	0.0	0.0	0.0	0.0	0.0	0.0	0.0	0.0	0.0	0.0	0.0	0.0
"HPRR4320427"	0.0	0.0	0.0	0.0	0.0	0.0	0.0	0.0	0.0	0.0	0.0	0.0
"HPRR4320194"	0.0	0.0	0.0	0.0	0.0	0.0	0.0	0.0	0.0	0.0	0.0	0.0
"HPRR4320153"	0.0	0.0	0.0	0.0	0.0	0.0	0.0	0.0	0.0	0.0	0.0	0.0
"HPRR4320112"	0.0	0.0	0.0	0.0	0.0	0.0	0.0	0.0	0.0	0.0	0.0	0.0
"HPRR4320469"	0.0	0.0	0.0	0.0	0.0	0.0	0.0	0.0	0.0	0.0	0.0	0.0
"HPRR4320428"	0.9696	0.0	0.8755	0.9134	0.9855	0.9305	0.0	0.0	0.0	0.0	0.0	0.0
"HPRR4320195"	0.0	0.0	0.0	0.0	0.0	0.0	0.0	0.0	0.0	0.0	0.0	0.0
"HPRR4320154"	0.0	0.0	0.0	0.0	0.0	0.0	0.0	0.0	0.0	0.0	0.0	0.0
"HPRR4320113"	0.0	0.0	0.0	0.0	0.0	0.0	0.0	0.0	0.0	0.0	0.0	0.0
"HPRR4320429"	0.0	0.0	0.0	0.0	0.0	0.0	0.0	0.0	0.0	0.0	0.0	0.0
"HPRR4320196"	0.0	0.0	0.0	0.0	0.0	0.0	0.0	0.0	0.0	0.0	0.0	0.0
"HPRR4320155"	0.0	0.0	0.0	0.0	0.0	0.0	0.0	0.0	0.0	0.0	0.0	0.0
"HPRR4320114"	0.0	0.0	0.0	0.0	0.0	0.0	0.0	0.0	0.0	0.0	0.0	0.0
"HPRR4320197"	0.0	0.0	0.0	0.0	0.0	0.0	0.0	0.0	0.0	0.0	0.0	0.0
"HPRR4320156"	0.0	0.0	0.0	0.0	0.0	0.0	0.0	0.0	0.0	0.0	0.0	0.0
"HPRR4320115"	0.0	0.0	0.0	0.0	0.0	0.0	0.0	0.0	0.0	0.0	0.0	0.0
"HPRR4320198"	0.0	0.0	0.0	0.0	0.0	0.0	0.0	0.0	0.0	0.0	0.0	0.0
"HPRR4320157"	0.0	0.0	0.0	0.0	0.0	0.0	0.0	0.0	0.0	0.0	0.0	0.0
"HPRR4320116"	0.0	0.0	0.0	0.0	0.0	0.0	0.0	0.0	0.0	0.0	0.0	0.0
"HPRR4320199"	0.0	0.0	0.0	0.0	0.0	0.0	0.0	0.0	0.0	0.0	0.0	0.0
"HPRR4320158"	0.0	0.0	0.0	0.0	0.0	0.0	0.0	0.0	0.0	0.0	0.0	0.0
"HPRR4320117"	0.0	0.0	0.0	0.0	0.0	0.0	0.0	0.0	0.0	0.0	0.0	0.0
"HPRR4320159"	0.0	0.0	0.0	0.0	0.0	0.0	0.0	0.0	0.0	0.0	0.0	0.0
"HPRR4320118"	0.0	0.0	0.0	0.0	0.0	0.0	0.0	0.0	0.0	0.0	0.0	0.0
"HPRR3760434"	1.0000	1.0000	1.0000	1.0000	1.0000	1.0000	0.0000	0.0000	0.0000	0.0	0.0	0.0
"HPRR4320119"	0.0	0.0	0.0	0.0	0.0	0.0	0.0	0.0	0.0	0.0	0.0	0.0
"HPRR3760436"	0.9816	0.9101	0.0000	1.0000	1.0000	1.0000	0.0000	0.0000	0.0000	0.0	0.0	0.0
"HPRR4350081"	1.0000	1.0000	1.0000	1.0000	1.0000	1.0000	0.0	0.0000	0.0	0.0	0.0	0.0
"HPRR4310060"	0.0	0.0	0.0	0.0	0.0	0.0	0.0	0.0	0.0	0.0	0.0	0.0
"HPRR4310061"	0.0	0.0	0.0	0.0	0.0	0.0	0.0	0.0	0.0	0.0	0.0	0.0
"HPRR4310020"	0.0	0.0	0.0	0.0	0.0	0.0	0.0	0.0	0.0	0.0	0.0	0.0
"HPRR4310062"	0.0000	0.0000	0.0000	0.0	0.0	0.0	0.0000	0.0000	0.0000	0.0	0.0	0.0
"HPRR4310021"	0.0	0.0	0.0	0.0	0.0	0.0	0.0	0.0	0.0	0.0	0.0	0.0
"HPRR4310063"	1.0000	1.0000	1.0000	1.0000	1.0000	1.0000	0.0000	0.0000	0.0000	0.0	0.9997	0.0
"HPRR4310022"	0.0	0.0	0.0	0.0	0.0	0.0	0.0	0.0	0.0	0.0	0.0	0.0
"HPRR4310064"	0.0	0.0	0.0	0.0	0.0	0.0	0.0	0.0	0.0	0.0	0.0	0.0
"HPRR4310023"	0.0	0.0	0.0	0.0	0.0	0.0	0.0	0.0	0.0	0.0	0.0	0.0
"HPRR4080136"	1.0000	1.0000	1.0000	1.0000	1.0000	1.0000	0.0	0.0	0.0	0.0	0.0	0.0
"HPRR4310065"	0.0	0.0	0.0	0.0	0.0	0.0	0.0	0.0	0.0	0.0	0.0	0.0
"HPRR4310024"	0.0	0.0	0.0	0.0	0.0	0.0	0.0	0.0	0.0	0.0	0.0	0.0
"HPRR4310066"	0.0	0.0	0.0	0.0	0.0	0.0	0.0	0.0	0.0	0.0	0.0	0.0
"HPRR4310025"	0.0	0.0	0.0	0.0	0.0	0.0	0.0	0.0	0.0	0.0	0.0	0.0
"HPRR4310067"	0.0	0.0	0.0	0.0	0.0	0.0	0.0	0.0	0.0	0.0	0.0	0.0
"HPRR4310026"	0.0	0.0	0.0	0.0	0.0	0.0	0.0	0.0	0.0	0.0	0.0	0.0
"HPRR4310068"	0.0	0.0	0.0	0.0	0.0	0.0	0.0	0.0	0.0	0.0	0.0	0.0
"HPRR4310027"	0.0	0.0	0.0	0.0	0.0	0.0	0.0	0.0	0.0	0.0	0.0	0.0
"HPRR4291050"	0.0	0.0	0.0	0.0	0.0	0.0	0.0	0.0	0.0	0.0	0.0	0.0
"HPRR4310028"	0.0	0.0	0.0	0.0	0.0	0.0	0.0	0.0	0.0	0.0	0.0	0.0
"HPRR4291051"	0.0	0.0	0.0	0.0	0.0	0.0	0.0	0.0	0.0	0.0	0.0	0.0
"HPRR4291010"	0.0	0.0	0.0	0.0	0.0	0.0	0.0	0.0	0.0	0.0	0.0	0.0
"HPRR4310029"	0.0	0.0	0.0	0.0	0.0	0.0	0.0	0.0	0.0	0.0	0.0	0.0
"HPRR4291052"	0.0	0.0	0.0	0.0	0.0	0.0	0.0	0.0	0.0	0.0	0.0	0.0
"HPRR4291053"	0.0	0.0	0.0	0.0	0.0	0.0	0.0	0.0	0.0	0.0	0.0	0.0
"HPRR1450141"	1.0000	1.0000	1.0000	0.0000	0.0000	0.0000	1.0000	1.0000	1.0000	0.0	0.0	0.0
"HPRR4291054"	0.0	0.0	0.0	0.0	0.0	0.0	0.0	0.0	0.0	0.0	0.0	0.0
"HPRR4291013"	0.0	0.0	0.0	0.0	0.0	0.0	0.0	0.0	0.0	0.0	0.0	0.0
"HPRR2110498"	1.0000	1.0000	1.0000	0.0000	0.0000	0.0000	1.0000	1.0000	1.0000	0.0	0.0	0.0
"HPRR4291055"	0.0	0.0	0.0	0.0	0.0	0.0	0.0	0.0	0.0	0.0	0.0	0.0
"HPRR4291014"	0.0	0.0	0.0	0.0	0.0	0.0	0.0	0.0	0.0	0.0	0.0	0.0
"HPRR4291056"	0.0	0.0	0.0	0.0	0.0	0.0	0.0	0.0	0.0	0.0	0.0	0.0
"HPRR4291015"	0.0	0.0	0.0	0.0	0.0	0.0	0.0	0.0	0.0	0.0	0.0	0.0
"HPRR4291057"	0.0	0.0	0.0	0.0	0.0	0.0	0.0	0.0	0.0	0.0	0.0	0.0
"HPRR4291016"	0.0	0.0	0.0	0.0	0.0	0.0	0.0	0.0	0.0	0.0	0.0	0.0
"HPRR4291058"	0.0	0.0	0.0	0.0	0.0	0.0	0.0	0.0	0.0	0.0	0.0	0.0
"HPRR4291017"	0.0	0.0	0.0	0.0	0.0	0.0	0.0	0.0	0.0	0.0	0.0	0.0
"HPRR4291018"	0.0	0.0	0.0	0.0	0.0	0.0	0.0	0.0	0.0	0.0	0.0	0.0
"HPRR4291019"	0.0	0.0	0.0	0.0	0.0	0.0	0.0	0.0	0.0	0.0	0.0	0.0
"HPRR4030335"	1.0000	1.0000	1.0000	1.0000	1.0000	1.0000	0.0000	0.0000	0.0000	0.0	0.0	0.0
"HPRR2320218"	1.0000	1.0000	1.0000	0.0000	0.0000	0.0000	1.0000	1.0000	1.0000	0.0	0.0	0.0
"HPRR4030022"	1.0000	1.0000	1.0000	1.0000	1.0000	1.0000	0.0000	0.0000	0.0000	0.0	0.0	0.0
"HPRR2210116"	1.0000	1.0000	1.0000	0.0	0.0000	0.0000	1.0000	1.0000	1.0000	0.0	0.0	0.0
"HPRR3950052"	0.9862	0.9980	0.9875	0.9856	0.9998	0.9874	0.0	0.0	0.0000	0.0	0.0	0.0
"HPRR4340100"	0.0	0.0	0.0	0.0	0.0	0.0	0.0	0.0	0.0	0.0	0.0	0.0
"HPRR4340101"	0.0	0.0	0.0	0.0	0.0	0.0	0.0	0.0	0.0	0.0	0.0	0.0
"HPRR4200118"	0.9862	0.9855	0.9875	0.9856	0.9856	0.9874	0.0000	0.0000	0.0	0.0	0.0	0.0
"HPRR4340102"	0.0	0.0	0.0	0.0	0.0	0.0	0.0	0.0	0.0	0.0	0.0	0.0
"HPRR4340103"	0.0	0.0	0.0	0.0	0.0	0.0	0.0	0.0	0.0	0.0	0.0	0.0
"HPRR2970116"	0.9997	1.0000	1.0000	1.0000	1.0000	1.0000	0.0000	0.0000	0.0000	0.8298	0.9999	0.0000
"HPRR4340104"	0.0	0.0	0.0	0.0	0.0	0.0	0.0	0.0	0.0	0.0	0.0	0.0
"HPRR4340105"	0.0	0.0	0.0	0.0	0.0	0.0	0.0	0.0	0.0	0.0	0.0	0.0
"HPRR4340106"	0.0	0.0	0.0	0.0	0.0	0.0	0.0	0.0	0.0	0.0	0.0	0.0
"HPRR4340107"	0.9995	0.9983	0.9872	1.0000	0.9999	0.9998	0.0000	0.0	0.0000	0.0	0.0	0.0
"HPRR4340108"	0.0	0.0	0.0	0.0	0.0	0.0	0.0	0.0	0.0	0.0	0.0	0.0
"HPRR4340109"	0.0	0.0	0.0	0.0	0.0	0.0	0.0	0.0	0.0	0.0	0.0	0.0
"HPRR4120251"	1.0000	1.0000	1.0000	1.0000	1.0000	1.0000	0.0000	0.0000	0.0000	0.0	0.0	0.0
"HPRR1060049"	0.0000	0.0	0.0000	0.0000	0.0000	0.0000	0.0	0.0	0.0	0.0	0.0	0.0
"HPRR3730168"	1.0000	1.0000	1.0000	1.0000	1.0000	1.0000	0.0000	0.0000	0.0000	0.0	0.0	0.0
"HPRR2300033"	0.8817	0.9173	0.9374	0.0000	0.0000	0.0000	1.0000	0.0	0.0	0.0	0.0	0.0
"HPRR4220263"	1.0000	1.0000	1.0000	1.0000	1.0000	1.0000	0.0000	0.0000	0.0000	0.0	0.0	0.0
"HPRR4320580"	0.0	0.0	0.0	0.0	0.0	0.0	0.0	0.0	0.0	0.0	0.0	0.0
"HPRR4470317"	0.9863	0.9790	0.9995	0.9999	0.9999	1.0000	0.0	0.0	0.0	0.0	0.0	0.0
"HPRR4320581"	0.0	0.0	0.0	0.0	0.0	0.0	0.0	0.0	0.0	0.0	0.0	0.0
"HPRR4320540"	0.0	0.0	0.0	0.0	0.0	0.0	0.0	0.0	0.0	0.0	0.0	0.0
"HPRR2580010"	0.0	0.0	0.0	0.0	0.0	0.0	0.0	0.0	0.0	0.0	0.0	0.0
"HPRR1951583"	1.0000	1.0000	1.0000	0.0000	0.0000	0.0000	1.0000	1.0000	1.0000	0.0	0.0	0.0
"HPRR4320582"	0.0	0.0	0.0	0.0	0.0	0.0	0.0	0.0	0.0	0.0	0.0	0.0
"HPRR4320541"	0.0	0.0	0.0	0.0	0.0	0.0	0.0	0.0	0.0	0.0	0.0	0.0
"HPRR4320500"	0.0	0.0	0.0	0.0	0.0	0.0	0.0	0.0	0.0	0.0	0.0	0.0
"HPRR4320583"	0.0	0.0	0.0	0.0	0.0	0.0	0.0	0.0	0.0	0.0	0.0	0.0
"HPRR4320542"	0.0	0.0	0.0	0.0	0.0	0.0	0.0	0.0	0.0	0.0	0.0	0.0
"HPRR4320501"	0.0	0.0	0.0	0.0	0.0	0.0	0.0	0.0	0.0	0.0	0.0	0.0
"HPRR4320584"	0.0	0.0	0.0	0.0	0.0	0.0	0.0	0.0	0.0	0.0	0.0	0.0
"HPRR4320543"	0.0	0.0	0.0	0.0	0.0	0.0	0.0	0.0	0.0	0.0	0.0	0.0
"HPRR4320502"	0.0	0.0	0.0	0.0	0.0	0.0	0.0	0.0	0.0	0.0	0.0	0.0
"HPRR4320585"	0.0	0.0	0.0	0.0	0.0	0.0	0.0	0.0	0.0	0.0	0.0	0.0
"HPRR4320544"	0.0	0.0	0.0	0.0	0.0	0.0	0.0	0.0	0.0	0.0	0.0	0.0
"HPRR4320503"	0.0	0.0	0.0	0.0	0.0	0.0	0.0	0.0	0.0	0.0	0.0	0.0
"HPRR4320270"	0.0	0.0	0.0	0.0	0.0	0.0	0.0	0.0	0.0	0.0	0.0	0.0
"HPRR231756"	0.9230	0.9999	1.0000	0.0000	0.0	0.0	1.0000	1.0000	1.0000	0.0	0.0	0.0
"HPRR4320586"	0.0	0.0	0.0	0.0	0.0	0.0	0.0	0.0	0.0	0.0	0.0	0.0
"HPRR4320545"	0.0	0.0	0.0	0.0	0.0	0.0	0.0	0.0	0.0	0.0	0.0	0.0
"HPRR4320504"	0.0	0.0	0.0	0.0	0.0	0.0	0.0	0.0	0.0	0.0	0.0	0.0
"HPRR4320271"	0.0	0.0	0.0	0.0	0.0	0.0	0.0	0.0	0.0	0.0	0.0	0.0
"HPRR4320230"	0.0	0.0	0.0	0.0	0.0	0.0	0.0	0.0	0.0	0.0	0.0	0.0
"HPRR4320587"	0.0	0.0	0.0	0.0	0.0	0.0	0.0	0.0	0.0	0.0	0.0	0.0
"HPRR4320546"	0.0	0.0	0.0	0.0	0.0	0.0	0.0	0.0	0.0	0.0	0.0	0.0
"HPRR4320505"	0.0	0.0	0.0	0.0	0.0	0.0	0.0	0.0	0.0	0.0	0.0	0.0
"HPRR4320272"	0.0	0.0	0.0	0.0	0.0	0.0	0.0	0.0	0.0	0.0	0.0	0.0
"HPRR4320231"	0.0	0.0	0.0	0.0	0.0	0.0	0.0	0.0	0.0	0.0	0.0	0.0
"HPRR4320588"	0.0	0.0	0.0	0.0	0.0	0.0	0.0	0.0	0.0	0.0	0.0	0.0
"HPRR4320547"	0.0	0.0	0.0	0.0	0.0	0.0	0.0	0.0	0.0	0.0	0.0	0.0
"HPRR4320506"	0.0	0.0	0.0	0.0	0.0	0.0	0.0	0.0	0.0	0.0	0.0	0.0
"HPRR4320273"	0.0	0.0	0.0	0.0	0.0	0.0	0.0	0.0	0.0	0.0	0.0	0.0
"HPRR4320232"	0.0	0.0	0.0	0.0	0.0	0.0	0.0	0.0	0.0	0.0	0.0	0.0
"HPRR4320589"	0.0	0.0	0.0	0.0	0.0	0.0	0.0	0.0	0.0	0.0	0.0	0.0
"HPRR4320548"	0.0	0.0	0.0	0.0	0.0	0.0	0.0	0.0	0.0	0.0	0.0	0.0
"HPRR4320507"	0.0	0.0	0.0	0.0	0.0	0.0	0.0	0.0	0.0	0.0	0.0	0.0
"HPRR4320274"	0.0	0.0	0.0	0.0	0.0	0.0	0.0	0.0	0.0	0.0	0.0	0.0
"HPRR4320233"	0.0	0.0	0.0	0.0	0.0	0.0	0.0	0.0	0.0	0.0	0.0	0.0
"HPRR4320549"	0.0	0.0	0.0	0.0	0.0	0.0	0.0	0.0	0.0	0.0	0.0	0.0
"HPRR4320508"	0.0	0.0	0.0	0.0	0.0	0.0	0.0	0.0	0.0	0.0	0.0	0.0
"HPRR4320275"	0.0	0.0	0.0	0.0	0.0	0.0	0.0	0.0	0.0	0.0	0.0	0.0
"HPRR4320234"	0.0	0.0	0.0	0.0	0.0	0.0	0.0	0.0	0.0	0.0	0.0	0.0
"HPRR4320509"	0.0	0.0	0.0	0.0	0.0	0.0	0.0	0.0	0.0	0.0	0.0	0.0
"HPRR4320276"	0.0	0.0	0.0	0.0	0.0	0.0	0.0	0.0	0.0	0.0	0.0	0.0
"HPRR4320235"	0.0	0.0	0.0	0.0	0.0	0.0	0.0	0.0	0.0	0.0	0.0	0.0
"HPRR3760825"	1.0000	1.0000	1.0000	1.0000	1.0000	1.0000	0.0	0.0	0.0	0.0	0.0	0.0
"HPRR4320277"	0.0	0.0	0.0	0.0	0.0	0.0	0.0	0.0	0.0	0.0	0.0	0.0
"HPRR4320236"	0.0	0.0	0.0	0.0	0.0	0.0	0.0	0.0	0.0	0.0	0.0	0.0
"HPRR2500368"	1.0000	1.0000	1.0000	0.9855	1.0000	0.0000	1.0000	1.0000	1.0000	0.0	0.0	0.0
"HPRR4320278"	0.0	0.0	0.0	0.0	0.0	0.0	0.0	0.0	0.0	0.0	0.0	0.0
"HPRR4320237"	0.0	0.0	0.0	0.0	0.0	0.0	0.0	0.0	0.0	0.0	0.0	0.0
"HPRR4320279"	0.0	0.0	0.0	0.0	0.0	0.0	0.0	0.0	0.0	0.0	0.0	0.0
"HPRR4320238"	0.0	0.0	0.0	0.0	0.0	0.0	0.0	0.0	0.0	0.0	0.0	0.0
"HPRR4320239"	0.0	0.0	0.0	0.0	0.0	0.0	0.0	0.0	0.0	0.0	0.0	0.0
"HPRR3720532"	1.0000	1.0000	1.0000	1.0000	1.0000	1.0000	0.0	0.0000	0.0000	0.0	0.0	0.0
"HPRR4420246"	1.0000	1.0000	1.0000	1.0000	1.0000	1.0000	0.0000	0.0000	0.0000	0.0	0.0	0.0
"HPRR1460001"	1.0000	1.0000	1.0000	0.0000	0.0000	0.0000	1.0000	1.0000	1.0000	0.0	0.0	0.0
"HPRR4190087"	1.0000	1.0000	1.0000	1.0000	1.0000	1.0000	0.2935	0.0000	0.0000	0.0	0.0	0.0
"HPRR1952500"	1.0000	1.0000	1.0000	0.0000	0.0000	0.0000	1.0000	1.0000	1.0000	0.0	0.0	0.0
"HPRR1900002"	1.0000	1.0000	1.0000	0.0000	0.0000	0.0000	1.0000	1.0000	1.0000	0.0	0.0	0.0
"HPRR4110358"	1.0000	1.0000	1.0000	1.0000	1.0000	1.0000	0.0000	0.0000	0.0000	0.0	0.0	0.0
"HPRR4040278"	1.0000	1.0000	1.0000	1.0000	1.0000	1.0000	0.0000	0.0000	0.0000	0.0	0.0	0.0
"HPRR3890141"	0.9962	0.0000	0.0000	1.0000	1.0000	1.0000	0.0000	0.0000	0.0000	0.0	0.0	0.0
"HPRR2250253"	0.0	0.0	0.0	0.0000	0.0000	0.0000	0.0	0.0	0.0	0.0	0.0	0.0
"HPRR3640011"	0.0000	0.0000	0.0000	1.0000	1.0000	1.0000	0.0000	0.0000	0.0000	0.0	0.0	0.0
"HPRR2552126"	1.0000	1.0000	1.0000	0.9855	0.9855	0.9874	1.0000	1.0000	1.0000	0.0	0.0	0.0
"HPRR4030419"	1.0000	1.0000	1.0000	1.0000	1.0000	1.0000	0.8937	0.0000	0.0000	0.0	0.0	0.0
"HPRR3780084"	1.0000	1.0000	1.0000	1.0000	1.0000	1.0000	0.0000	0.0000	0.0000	0.0	0.7817	0.0
"HPRR230870"	0.9862	0.9855	0.9875	0.9856	0.9856	0.9874	0.9998	0.9998	0.0	0.0	0.0	0.0
"HPRR1370013"	1.0000	1.0000	1.0000	0.0000	0.0000	0.0000	1.0000	1.0000	1.0000	0.0	0.0	0.0
"HPRR1440139"	1.0000	1.0000	1.0000	0.0000	0.0000	0.0000	1.0000	1.0000	1.0000	0.0	0.0	0.0
"HPRR4540014"	1.0000	1.0000	1.0000	1.0000	1.0000	1.0000	0.0	0.0	0.0	0.0	0.0	0.0
"HPRR4160392"	1.0000	1.0000	1.0000	1.0000	1.0000	1.0000	0.0	0.0	0.0	0.0	0.0	0.0
"HPRR2550550"	0.9996	0.9995	0.9996	0.0000	0.0000	0.0000	1.0000	1.0000	1.0000	0.0	0.9891	0.0
"HPRR2440760"	0.0000	0.9961	0.8755	0.0000	0.0000	0.0000	0.9960	0.9999	0.9999	0.0	0.0	0.0
"HPRR4190863"	1.0000	1.0000	1.0000	1.0000	1.0000	1.0000	0.0000	0.0000	0.0000	0.0	0.0	0.0
"HPRR3940080"	0.9857	0.9359	0.9857	1.0000	1.0000	1.0000	0.0000	0.0000	0.0000	0.0	0.9891	0.0
"HPRR2620054"	1.0000	1.0000	1.0000	0.0000	0.0	0.0000	1.0000	1.0000	1.0000	0.0	0.0	0.0
"HPRR370244"	1.0000	1.0000	1.0000	0.0	0.0	0.0	1.0000	1.0000	1.0000	0.0	0.0	0.0
"HPRR4290870"	0.0	0.0	0.0	0.0	0.0	0.0	0.0	0.0	0.0	0.0	0.0	0.0
"HPRR2620016"	1.0000	0.9983	0.9998	0.0000	0.0	0.0	0.9993	1.0000	1.0000	0.0	0.0	0.0
"HPRR330224"	1.0000	1.0000	1.0000	0.0	0.0	0.0	1.0000	1.0000	1.0000	0.0	0.0	0.0
"HPRR4290873"	0.0	0.0	0.0	0.0	0.0	0.0	0.0	0.0	0.0	0.0	0.0	0.0
"HPRR4290874"	0.0	0.0	0.0	0.0	0.0	0.0	0.0	0.0	0.0	0.0	0.0	0.0
"HPRR4290875"	0.0	0.0	0.0	0.0	0.0	0.0	0.0	0.0	0.0	0.0	0.0	0.0
"HPRR4320660"	0.0	0.0	0.0	0.0	0.0	0.0	0.0	0.0	0.0	0.0	0.0	0.0
"HPRR4290876"	0.0	0.0	0.0	0.0	0.0	0.0	0.0	0.0	0.0	0.0	0.0	0.0
"HPRR4320661"	0.0	0.0	0.0	0.0	0.0	0.0	0.0	0.0	0.0	0.0	0.0	0.0
"HPRR4320620"	0.0	0.0	0.0	0.0	0.0	0.0	0.0	0.0	0.0	0.0	0.0	0.0
"HPRR4290877"	0.0	0.0	0.0	0.0	0.0	0.0	0.0	0.0	0.0	0.0	0.0	0.0
"HPRR4320662"	0.0	0.0	0.0	0.0	0.0	0.0	0.0	0.0	0.0	0.0	0.0	0.0
"HPRR4320621"	0.0	0.0	0.0	0.0	0.0	0.0	0.0	0.0	0.0	0.0	0.0	0.0
"HPRR4320663"	0.0	0.0	0.0	0.0	0.0	0.0	0.0	0.0	0.0	0.0	0.0	0.0
"HPRR4320622"	0.0	0.0	0.0	0.0	0.0	0.0	0.0	0.0	0.0	0.0	0.0	0.0
"HPRR4290879"	0.0	0.0	0.0	0.0	0.0	0.0	0.0	0.0	0.0	0.0	0.0	0.0
"HPRR4320390"	0.0000	0.0000	0.0000	1.0000	1.0000	1.0000	0.0000	0.0000	0.0000	0.0	0.9891	0.0
"HPRR4320664"	0.0	0.0	0.0	0.0	0.0	0.0	0.0	0.0	0.0	0.0	0.0	0.0
"HPRR4320623"	0.0	0.0	0.0	0.0	0.0	0.0	0.0	0.0	0.0	0.0	0.0	0.0
"HPRR4320665"	0.0	0.0	0.0	0.0	0.0	0.0	0.0	0.0	0.0	0.0	0.0	0.0
"HPRR4320624"	0.0	0.0	0.0	0.0	0.0	0.0	0.0	0.0	0.0	0.0	0.0	0.0
"HPRR4320391"	0.0	0.0	0.0	0.0	0.0	0.0	0.0	0.0	0.0	0.0	0.0	0.0
"HPRR4320350"	0.0	0.0	0.0	0.0	0.0	0.0	0.0	0.0	0.0	0.0	0.0	0.0
"HPRR500083"	1.0000	1.0000	1.0000	0.0000	0.0000	0.0000	1.0000	1.0000	1.0000	0.0000	0.0000	1.0000
"HPRR4320666"	0.0	0.0	0.0	0.0	0.0	0.0	0.0	0.0	0.0	0.0	0.0	0.0
"HPRR4320625"	0.0	0.0	0.0	0.0	0.0	0.0	0.0	0.0	0.0	0.0	0.0	0.0
"HPRR4320392"	0.0	0.0	0.0	0.0	0.0	0.0	0.0	0.0	0.0	0.0	0.0	0.0
"HPRR4320351"	0.0	0.0	0.0	0.0	0.0	0.0	0.0	0.0	0.0	0.0	0.0	0.0
"HPRR4320310"	0.0	0.0	0.0	0.0	0.0	0.0	0.0	0.0	0.0	0.0	0.0	0.0
"HPRR2990033"	1.0000	1.0000	1.0000	1.0000	1.0000	1.0000	0.0000	0.0000	0.0000	0.0	0.0	0.0
"HPRR2500716"	1.0000	1.0000	1.0000	0.0000	0.0000	0.0000	1.0000	1.0000	1.0000	0.0	0.0	0.0
"HPRR231837"	1.0000	1.0000	1.0000	0.0000	0.0000	0.0000	1.0000	1.0000	1.0000	0.0	0.0	0.0
"HPRR4320667"	0.0	0.0	0.0	0.0	0.0	0.0	0.0	0.0	0.0	0.0	0.0	0.0
"HPRR4320626"	0.0	0.0	0.0	0.0	0.0	0.0	0.0	0.0	0.0	0.0	0.0	0.0
"HPRR4320393"	0.0	0.0	0.0	0.0	0.0	0.0	0.0	0.0	0.0	0.0	0.0	0.0
"HPRR4320352"	0.0	0.0	0.0	0.0	0.0	0.0	0.0	0.0	0.0	0.0	0.0	0.0
"HPRR4320311"	0.0	0.0	0.0	0.0	0.0	0.0	0.0	0.0	0.0	0.0	0.0	0.0
"HPRR4320668"	0.0	0.0	0.0	0.0	0.0	0.0	0.0	0.0	0.0	0.0	0.0	0.0
"HPRR4320627"	0.0	0.0	0.0	0.0	0.0	0.0	0.0	0.0	0.0	0.0	0.0	0.0
"HPRR4320394"	0.0	0.0	0.0	0.0	0.0	0.0	0.0	0.0	0.0	0.0	0.0	0.0
"HPRR4320353"	0.0	0.0	0.0	0.0	0.0	0.0	0.0	0.0	0.0	0.0	0.0	0.0
"HPRR4320312"	0.0	0.0	0.0	0.0	0.0	0.0	0.0	0.0	0.0	0.0	0.0	0.0
"HPRR4320669"	0.0	0.0	0.0	0.0	0.0	0.0	0.0	0.0	0.0	0.0	0.0	0.0
"HPRR4320628"	0.0	0.0	0.0	0.0	0.0	0.0	0.0	0.0	0.0	0.0	0.0	0.0
"HPRR4320395"	0.0	0.0	0.0	0.0	0.0	0.0	0.0	0.0	0.0	0.0	0.0	0.0
"HPRR4320354"	0.0	0.0	0.0	0.0	0.0	0.0	0.0	0.0	0.0	0.0	0.0	0.0
"HPRR4320313"	0.0	0.0	0.0	0.0	0.0	0.0	0.0	0.0	0.0	0.0	0.0	0.0
"HPRR4320080"	0.0	0.0	0.0	0.0	0.0	0.0	0.0	0.0	0.0	0.0	0.0	0.0
"HPRR3520015"	0.0	0.0	0.0	0.9855	0.9561	0.0	0.0	0.0	0.0	0.0	0.0	0.0
"HPRR4320629"	0.0	0.0	0.0	0.0	0.0	0.0	0.0	0.0	0.0	0.0	0.0	0.0
"HPRR4320396"	0.0	0.0	0.0	0.0	0.0	0.0	0.0	0.0	0.0	0.0	0.0	0.0
"HPRR4320355"	0.0	0.0	0.0	0.0	0.0	0.0	0.0	0.0	0.0	0.0	0.0	0.0
"HPRR4320314"	0.0	0.0	0.0	0.0	0.0	0.0	0.0	0.0	0.0	0.0	0.0	0.0
"HPRR4320081"	0.0	0.0	0.0	0.0	0.0	0.0	0.0	0.0	0.0	0.0	0.0	0.0
"HPRR4320040"	0.0	0.0	0.0	0.0	0.0	0.0	0.0	0.0	0.0	0.0	0.0	0.0
"HPRR4320397"	0.0	0.0	0.0	0.0	0.0	0.0	0.0	0.0	0.0	0.0	0.0	0.0
"HPRR4320356"	0.0	0.0	0.0	0.0	0.0	0.0	0.0	0.0	0.0	0.0	0.0	0.0
"HPRR4320315"	0.0	0.0	0.0	0.0	0.0	0.0	0.0	0.0	0.0	0.0	0.0	0.0
"HPRR4320082"	0.0	0.0	0.0	0.0	0.0	0.0	0.0	0.0	0.0	0.0	0.0	0.0
"HPRR4320041"	0.0	0.0	0.0	0.0	0.0	0.0	0.0	0.0	0.0	0.0	0.0	0.0
"HPRR4430109"	0.0000	0.0000	0.0000	1.0000	1.0000	1.0000	0.0000	0.0000	0.0000	0.0	0.0	0.0
"HPRR4320398"	0.0	0.0	0.0	0.0	0.0	0.0	0.0	0.0	0.0	0.0	0.0	0.0
"HPRR4320357"	0.0	0.0	0.0	0.0	0.0	0.0	0.0	0.0	0.0	0.0	0.0	0.0
"HPRR4320316"	0.0	0.0	0.0	0.0	0.0	0.0	0.0	0.0	0.0	0.0	0.0	0.0
"HPRR4320083"	0.0	0.0	0.0	0.0	0.0	0.0	0.0	0.0	0.0	0.0	0.0	0.0
"HPRR4320042"	0.0	0.0	0.0	0.0	0.0	0.0	0.0	0.0	0.0	0.0	0.0	0.0
"HPRR4320001"	0.0	0.0	0.0	0.0	0.0	0.0	0.0	0.0	0.0	0.0	0.0	0.0
"HPRR4320399"	0.0	0.0	0.0	0.0	0.0	0.0	0.0	0.0	0.0	0.0	0.0	0.0
"HPRR4320358"	0.0	0.0	0.0	0.0	0.0	0.0	0.0	0.0	0.0	0.0	0.0	0.0
"HPRR4320317"	0.0	0.0	0.0	0.0	0.0	0.0	0.0	0.0	0.0	0.0	0.0	0.0
"HPRR4320084"	0.0	0.0	0.0	0.0	0.0	0.0	0.0	0.0	0.0	0.0	0.0	0.0
"HPRR4320043"	0.0	0.0	0.0	0.0	0.0	0.0	0.0	0.0	0.0	0.0	0.0	0.0
"HPRR4320002"	0.0	0.0	0.0	0.0	0.0	0.0	0.0	0.0	0.0	0.0	0.0	0.0
"HPRR4320359"	0.0	0.0	0.0	0.0	0.0	0.0	0.0	0.0	0.0	0.0	0.0	0.0
"HPRR4320318"	0.0	0.0	0.0	0.0	0.0	0.0	0.0	0.0	0.0	0.0	0.0	0.0
"HPRR4320085"	0.0	0.0	0.0	0.0	0.0	0.0	0.0	0.0	0.0	0.0	0.0	0.0
"HPRR4320044"	0.0	0.0	0.0	0.0	0.0	0.0	0.0	0.0	0.0	0.0	0.0	0.0
"HPRR4320003"	0.0	0.0	0.0	0.0	0.0	0.0	0.0	0.0	0.0	0.0	0.0	0.0
"HPRR4320319"	0.0	0.0	0.0	0.0	0.0	0.0	0.0	0.0	0.0	0.0	0.0	0.0
"HPRR4320086"	0.0	0.0	0.0	0.0	0.0	0.0	0.0	0.0	0.0	0.0	0.0	0.0
"HPRR4320045"	0.0	0.0	0.0	0.0	0.0	0.0	0.0	0.0	0.0	0.0	0.0	0.0
"HPRR4320004"	0.0	0.0	0.0	0.0	0.0	0.0	0.0	0.0	0.0	0.0	0.0	0.0
"HPRR4320087"	0.0	0.0	0.0	0.0	0.0	0.0	0.0	0.0	0.0	0.0	0.0	0.0
"HPRR4320046"	0.0	0.0	0.0	0.0	0.0	0.0	0.0	0.0	0.0	0.0	0.0	0.0
"HPRR4320005"	0.0	0.0	0.0	0.0	0.0	0.0	0.0	0.0	0.0	0.0	0.0	0.0
"HPRR4320088"	0.0	0.0	0.0	0.0	0.0	0.0	0.0	0.0	0.0	0.0	0.0	0.0
"HPRR4320047"	0.0	0.0	0.0	0.0	0.0	0.0	0.0	0.0	0.0	0.0	0.0	0.0
"HPRR4320006"	0.0	0.0	0.0	0.0	0.0	0.0	0.0	0.0	0.0	0.0	0.0	0.0
"HPRR4320089"	0.0	0.0	0.0	0.0	0.0	0.0	0.0	0.0	0.0	0.0	0.0	0.0
"HPRR4320048"	0.0	0.0	0.0	0.0	0.0	0.0	0.0	0.0	0.0	0.0	0.0	0.0
"HPRR4320007"	0.0	0.0	0.0	0.0	0.0	0.0	0.0	0.0	0.0	0.0	0.0	0.0
"HPRR4320049"	0.0	0.0	0.0	0.0	0.0	0.0	0.0	0.0	0.0	0.0	0.0	0.0
"HPRR4320008"	0.0	0.0	0.0	0.0	0.0	0.0	0.0	0.0	0.0	0.0	0.0	0.0
"HPRR3760365"	1.0000	1.0000	1.0000	1.0000	1.0000	1.0000	0.0000	0.0000	0.0000	0.0	0.0	0.0
"HPRR4320009"	0.0	0.0	0.0	0.0	0.0	0.0	0.0	0.0	0.0	0.0	0.0	0.0
"HPRR3720617"	1.0000	1.0000	1.0000	1.0000	1.0000	1.0000	0.0000	0.0000	0.0000	0.0	0.0	0.0
"HPRR2551249"	1.0000	1.0000	1.0000	0.0000	0.0000	0.0000	1.0000	1.0000	1.0000	0.0	0.0	0.0
"HPRR2050313"	1.0000	1.0000	1.0000	0.0000	0.0000	0.0000	1.0000	1.0000	1.0000	0.0	0.9891	0.0
"HPRR2810254"	1.0000	1.0000	1.0000	0.0000	0.0000	0.0000	1.0000	1.0000	1.0000	0.0	0.0	0.0
"HPRR4420016"	0.9996	0.9996	0.9997	1.0000	1.0000	1.0000	0.0000	0.0000	0.0000	0.0	0.0	0.0
"HPRR4110123"	1.0000	1.0000	0.9959	1.0000	1.0000	1.0000	0.0	0.0000	0.0000	0.0	0.0	0.0
"HPRR2501480"	1.0000	1.0000	1.0000	0.0000	0.0000	0.0000	1.0000	1.0000	1.0000	0.0	0.0	0.0
"HPRR3890842"	0.0	0.4758	0.0	0.9995	1.0000	1.0000	0.0	0.0	0.0	0.0	0.0	0.0
"HPRR3890843"	1.0000	1.0000	1.0000	1.0000	1.0000	1.0000	0.0	0.0	0.0	0.0	0.0	0.0
"HPRR3890570"	0.9463	0.0000	0.0000	0.9855	0.0000	1.0000	0.0000	0.0000	0.0000	0.0	0.7855	0.0
"HPRR3020476"	1.0000	1.0000	1.0000	0.0000	0.0000	0.0000	1.0000	1.0000	1.0000	0.0	0.0	0.0
"HPRR4040007"	1.0000	1.0000	1.0000	1.0000	1.0000	1.0000	0.0000	0.0000	0.0000	0.0	0.0	0.0
"HPRR1450073"	1.0000	1.0000	1.0000	0.0000	0.0000	0.0000	1.0000	1.0000	1.0000	0.0	0.0	0.0
"HPRR2110077"	1.0000	1.0000	1.0000	0.0000	0.0000	0.0000	1.0000	1.0000	1.0000	0.0	0.0	0.0
"HPRR3920052"	0.9928	1.0000	0.9979	1.0000	1.0000	1.0000	0.0000	0.0	0.0000	0.0	0.0	0.0
"HPRR2390052"	0.0000	0.0000	0.0	0.0000	0.0000	0.0000	0.9989	0.9989	0.9989	0.0	0.0	0.0
"HPRR2390053"	0.0000	0.0000	0.0000	0.0000	0.0000	0.0000	0.0000	0.0000	0.0000	0.0	0.0	0.0
"HPRR2390055"	1.0000	1.0000	0.9999	0.0000	0.0000	0.0000	1.0000	1.0000	1.0000	0.0	0.0	0.0
"HPRR2310052"	1.0000	1.0000	1.0000	0.0000	0.0000	0.0000	1.0000	1.0000	1.0000	0.0	0.0	0.0
"HPRR4340070"	0.0	0.0	0.0	0.0	0.0	0.0	0.0	0.0	0.0	0.0	0.0	0.0
"HPRR3950217"	1.0000	1.0000	1.0000	1.0000	1.0000	1.0000	0.0000	0.0000	0.0000	0.0	0.0	0.0
"HPRR3670067"	0.9406	0.8787	0.9834	1.0000	1.0000	1.0000	0.0000	0.0000	0.0000	0.0	0.0	0.0
"HPRR650016"	1.0000	1.0000	1.0000	0.0000	0.0000	0.0000	1.0000	1.0000	1.0000	0.0	0.0	0.0
"HPRR4340071"	0.0	0.0	0.0	0.0	0.0	0.0	0.0	0.0	0.0	0.0	0.0	0.0
"HPRR4340030"	0.0	0.0	0.0	0.0	0.0	0.0	0.0	0.0	0.0	0.0	0.0	0.0
"HPRR4340072"	0.0	0.0	0.0	0.0	0.0	0.0	0.0	0.0	0.0	0.0	0.0	0.0
"HPRR4340031"	0.0	0.0	0.0	0.0	0.0	0.0	0.0	0.0	0.0	0.0	0.0	0.0
"HPRR4340073"	0.0	0.0	0.0	0.0	0.0	0.0	0.0	0.0	0.0	0.0	0.0	0.0
"HPRR4340032"	0.0	0.0	0.0	0.0	0.0	0.0	0.0	0.0	0.0	0.0	0.0	0.0
"HPRR4340074"	0.0	0.0	0.0	0.0	0.0	0.0	0.0	0.0	0.0	0.0	0.0	0.0
"HPRR4340033"	0.0	0.0	0.0	0.0	0.0	0.0	0.0	0.0	0.0	0.0	0.0	0.0
"HPRR4160788"	1.0000	1.0000	1.0000	1.0000	1.0000	1.0000	0.0000	0.0000	0.0000	0.0	0.0	0.0
"HPRR4060158"	1.0000	1.0000	1.0000	1.0000	1.0000	1.0000	0.0000	0.0000	0.0000	0.0	0.0	0.0
"HPRR4340075"	0.0	0.0	0.0	0.0	0.0	0.0	0.0	0.0	0.0	0.0	0.0	0.0
"HPRR4340034"	0.0	0.0	0.0	0.0	0.0	0.0	0.0	0.0	0.0	0.0	0.0	0.0
"HPRR4340076"	0.0	0.0	0.0	0.0	0.0	0.0	0.0	0.0	0.0	0.0	0.0	0.0
"HPRR4340035"	0.0	0.0	0.0	0.0	0.0	0.0	0.0	0.0	0.0	0.0	0.0	0.0
"HPRR4370542"	1.0000	1.0000	1.0000	1.0000	1.0000	1.0000	0.0000	0.0000	0.0000	0.0	0.0	0.0
"HPRR4340077"	0.0	0.0	0.0	0.0	0.0	0.0	0.0	0.0	0.0	0.0	0.0	0.0
"HPRR4340036"	0.0	0.0	0.0	0.0	0.0	0.0	0.0	0.0	0.0	0.0	0.0	0.0
"HPRR2550633"	1.0000	1.0000	1.0000	0.0000	0.0000	0.0000	1.0000	1.0000	1.0000	0.0	0.0	0.0
"HPRR300183"	1.0000	1.0000	1.0000	0.0000	0.0000	0.0000	1.0000	1.0000	1.0000	0.0	0.0	0.0
"HPRR4340078"	0.0	0.0	0.0	0.0	0.0	0.0	0.0	0.0	0.0	0.0	0.0	0.0
"HPRR4340037"	0.0	0.0	0.0	0.0	0.0	0.0	0.0	0.0	0.0	0.0	0.0	0.0
"HPRR4340079"	0.0	0.0	0.0	0.0	0.0	0.0	0.0	0.0	0.0	0.0	0.0	0.0
"HPRR4340038"	0.0	0.0	0.0	0.0	0.0	0.0	0.0	0.0	0.0	0.0	0.0	0.0
"HPRR4340039"	0.0	0.0	0.0	0.0	0.0	0.0	0.0	0.0	0.0	0.0	0.0	0.0
"HPRR2550362"	0.9993	0.9992	1.0000	0.0000	0.0000	0.0000	1.0000	1.0000	1.0000	0.0	0.0	0.0
"HPRR4290990"	0.0	0.0	0.0	0.0	0.0	0.0	0.0	0.0	0.0	0.0	0.0	0.0
"HPRR1710003"	1.0000	1.0000	1.0000	0.0000	0.0000	0.0000	1.0000	1.0000	1.0000	0.0	0.0	0.0
"HPRR4290991"	0.0	0.0	0.0	0.0	0.0	0.0	0.0	0.0	0.0	0.0	0.0	0.0
"HPRR4290950"	0.0	0.0	0.0	0.0	0.0	0.0	0.0	0.0	0.0	0.0	0.0	0.0
"HPRR4290910"	0.0	0.0	0.0	0.0	0.0	0.0	0.0	0.0	0.0	0.0	0.0	0.0
"HPRR4290911"	0.0	0.0	0.0	0.0	0.0	0.0	0.0	0.0	0.0	0.0	0.0	0.0
"HPRR4290994"	0.0	0.0	0.0	0.0	0.0	0.0	0.0	0.0	0.0	0.0	0.0	0.0
"HPRR4290912"	0.0	0.0	0.0	0.0	0.0	0.0	0.0	0.0	0.0	0.0	0.0	0.0
"HPRR2510306"	1.0000	1.0000	1.0000	0.0000	0.0000	0.0000	1.0000	1.0000	1.0000	0.0	0.0	0.0
"HPRR4290995"	0.0	0.0	0.0	0.0	0.0	0.0	0.0	0.0	0.0	0.0	0.0	0.0
"HPRR4290954"	0.0	0.0	0.0	0.0	0.0	0.0	0.0	0.0	0.0	0.0	0.0	0.0
"HPRR4290913"	0.0	0.0	0.0	0.0	0.0	0.0	0.0	0.0	0.0	0.0	0.0	0.0
"HPRR4290996"	0.0	0.0	0.0	0.0	0.0	0.0	0.0	0.0	0.0	0.0	0.0	0.0
"HPRR4290914"	0.0	0.0	0.0	0.0	0.0	0.0	0.0	0.0	0.0	0.0	0.0	0.0
"HPRR4290997"	0.0	0.0	0.0	0.0	0.0	0.0	0.0	0.0	0.0	0.0	0.0	0.0
"HPRR4290915"	0.0	0.0	0.0	0.0	0.0	0.0	0.0	0.0	0.0	0.0	0.0	0.0
"HPRR4320700"	0.0	0.0	0.0	0.0	0.0	0.0	0.0	0.0	0.0	0.0	0.0	0.0
"HPRR4290998"	0.0	0.0	0.0	0.0	0.0	0.0	0.0	0.0	0.0	0.0	0.0	0.0
"HPRR4290916"	0.0	0.0	0.0	0.0	0.0	0.0	0.0	0.0	0.0	0.0	0.0	0.0
"HPRR4320701"	0.0	0.0	0.0	0.0	0.0	0.0	0.0	0.0	0.0	0.0	0.0	0.0
"HPRR4290999"	0.0	0.0	0.0	0.0	0.0	0.0	0.0	0.0	0.0	0.0	0.0	0.0
"HPRR4470205"	0.9999	0.9997	1.0000	1.0000	1.0000	1.0000	0.0000	0.0000	0.0000	0.0	0.0	0.0
"HPRR4320702"	0.0	0.0	0.0	0.0	0.0	0.0	0.0	0.0	0.0	0.0	0.0	0.0
"HPRR4290959"	0.0	0.0	0.0	0.0	0.0	0.0	0.0	0.0	0.0	0.0	0.0	0.0
"HPRR3000481"	1.0000	1.0000	1.0000	0.0000	0.0000	0.0000	1.0000	1.0000	1.0000	0.0	0.0	0.0
"HPRR4320703"	0.0	0.0	0.0	0.0	0.0	0.0	0.0	0.0	0.0	0.0	0.0	0.0
"HPRR4320470"	0.0	0.0	0.0	0.0	0.0	0.0	0.0	0.0	0.0	0.0	0.0	0.0
"HPRR4290919"	0.0	0.0	0.0	0.0	0.0	0.0	0.0	0.0	0.0	0.0	0.0	0.0
"HPRR1951431"	1.0000	1.0000	1.0000	0.0000	0.0000	0.0000	1.0000	1.0000	1.0000	0.0	0.0	0.0
"HPRR4320704"	0.0	0.0	0.0	0.0	0.0	0.0	0.0	0.0	0.0	0.0	0.0	0.0
"HPRR4320471"	0.0	0.0	0.0	0.0	0.0	0.0	0.0	0.0	0.0	0.0	0.0	0.0
"HPRR4320430"	0.0	0.0	0.0	0.0	0.0	0.0	0.0	0.0	0.0	0.0	0.0	0.0
"HPRR1951788"	1.0000	1.0000	1.0000	0.0000	0.0000	1.0000	0.8968	0.9265	0.0	0.0	0.0	0.0
"HPRR1951747"	1.0000	0.9995	1.0000	0.0000	0.0000	0.0000	1.0000	1.0000	1.0000	0.0	0.0	0.0
"HPRR4320705"	0.0	0.0	0.0	0.0	0.0	0.0	0.0	0.0	0.0	0.0	0.0	0.0
"HPRR4320472"	0.0	0.0	0.0	0.0	0.0	0.0	0.0	0.0	0.0	0.0	0.0	0.0
"HPRR4320431"	0.0	0.0	0.0	0.0	0.0	0.0	0.0	0.0	0.0	0.0	0.0	0.0
"HPRR4320706"	0.0	0.0	0.0	0.0	0.0	0.0	0.0	0.0	0.0	0.0	0.0	0.0
"HPRR4320473"	0.0	0.0	0.0	0.0	0.0	0.0	0.0	0.0	0.0	0.0	0.0	0.0
"HPRR4320432"	0.0	0.0	0.0	0.0	0.0	0.0	0.0	0.0	0.0	0.0	0.0	0.0
"HPRR4320707"	0.0	0.0	0.0	0.0	0.0	0.0	0.0	0.0	0.0	0.0	0.0	0.0
"HPRR4320474"	0.0	0.0	0.0	0.0	0.0	0.0	0.0	0.0	0.0	0.0	0.0	0.0
"HPRR4320433"	0.0	0.0	0.0	0.0	0.0	0.0	0.0	0.0	0.0	0.0	0.0	0.0
"HPRR4320708"	0.0	0.0	0.0	0.0	0.0	0.0	0.0	0.0	0.0	0.0	0.0	0.0
"HPRR4320475"	0.0	0.0	0.0	0.0	0.0	0.0	0.0	0.0	0.0	0.0	0.0	0.0
"HPRR4320434"	0.0	0.0	0.0	0.0	0.0	0.0	0.0	0.0	0.0	0.0	0.0	0.0
"HPRR4320160"	0.0	0.0	0.0	0.0	0.0	0.0	0.0	0.0	0.0	0.0	0.0	0.0
"HPRR3970058"	1.0000	1.0000	0.9999	0.9999	1.0000	1.0000	0.0	0.0	0.0	0.0	0.0	0.0
"HPRR4320709"	0.0	0.0	0.0	0.0	0.0	0.0	0.0	0.0	0.0	0.0	0.0	0.0
"HPRR4320476"	0.0	0.0	0.0	0.0	0.0	0.0	0.0	0.0	0.0	0.0	0.0	0.0
"HPRR4320435"	0.0	0.0	0.0	0.0	0.0	0.0	0.0	0.0	0.0	0.0	0.0	0.0
"HPRR4320161"	0.0	0.0	0.0	0.0	0.0	0.0	0.0	0.0	0.0	0.0	0.0	0.0
"HPRR4320120"	0.0	0.0	0.0	0.0	0.0	0.0	0.0	0.0	0.0	0.0	0.0	0.0
"HPRR2551632"	1.0000	1.0000	1.0000	0.0	0.0	0.0	1.0000	1.0000	1.0000	0.0	0.0	0.0
"HPRR4320477"	0.0	0.0	0.0	0.0	0.0	0.0	0.0	0.0	0.0	0.0	0.0	0.0
"HPRR4320436"	0.0	0.0	0.0	0.0	0.0	0.0	0.0	0.0	0.0	0.0	0.0	0.0
"HPRR4320162"	0.0	0.0	0.0	0.0	0.0	0.0	0.0	0.0	0.0	0.0	0.0	0.0
"HPRR4320121"	0.0	0.0	0.0	0.0	0.0	0.0	0.0	0.0	0.0	0.0	0.0	0.0
"HPRR3760711"	1.0000	1.0000	1.0000	1.0000	1.0000	1.0000	0.0000	0.0000	0.0000	0.0	0.0	0.0
"HPRR4320478"	0.0	0.0	0.0	0.0	0.0	0.0	0.0	0.0	0.0	0.0	0.0	0.0
"HPRR4320437"	0.0	0.0	0.0	0.0	0.0	0.0	0.0	0.0	0.0	0.0	0.0	0.0
"HPRR4320163"	0.0	0.0	0.0	0.0	0.0	0.0	0.0	0.0	0.0	0.0	0.0	0.0
"HPRR4320122"	0.0	0.0	0.0	0.0	0.0	0.0	0.0	0.0	0.0	0.0	0.0	0.0
"HPRR4320123"	1.0000	1.0000	1.0000	1.0000	1.0000	1.0000	0.0000	0.0000	0.0000	0.0	0.0	0.0
"HPRR4190550"	1.0000	1.0000	1.0000	1.0000	1.0000	1.0000	0.0000	0.0000	0.0000	0.0	0.0	0.0
"HPRR4320479"	0.0	0.0	0.0	0.0	0.0	0.0	0.0	0.0	0.0	0.0	0.0	0.0
"HPRR4320438"	0.0	0.0	0.0	0.0	0.0	0.0	0.0	0.0	0.0	0.0	0.0	0.0
"HPRR4320164"	0.0	0.0	0.0	0.0	0.0	0.0	0.0	0.0	0.0	0.0	0.0	0.0
"HPRR4320439"	0.0	0.0	0.0	0.0	0.0	0.0	0.0	0.0	0.0	0.0	0.0	0.0
"HPRR4320165"	0.0	0.0	0.0	0.0	0.0	0.0	0.0	0.0	0.0	0.0	0.0	0.0
"HPRR4320124"	0.0	0.0	0.0	0.0	0.0	0.0	0.0	0.0	0.0	0.0	0.0	0.0
"HPRR4320166"	0.0	0.0	0.0	0.0	0.0	0.0	0.0	0.0	0.0	0.0	0.0	0.0
"HPRR4320125"	0.0	0.0	0.0	0.0	0.0	0.0	0.0	0.0	0.0	0.0	0.0	0.0
"HPRR4320167"	0.0	0.0	0.0	0.0	0.0	0.0	0.0	0.0	0.0	0.0	0.0	0.0
"HPRR4320126"	0.0	0.0	0.0	0.0	0.0	0.0	0.0	0.0	0.0	0.0	0.0	0.0
"HPRR4320168"	0.0	0.0	0.0	0.0	0.0	0.0	0.0	0.0	0.0	0.0	0.0	0.0
"HPRR4320127"	0.0	0.0	0.0	0.0	0.0	0.0	0.0	0.0	0.0	0.0	0.0	0.0
"HPRR2551324"	1.0000	1.0000	1.0000	0.0000	0.0000	0.0000	1.0000	1.0000	1.0000	0.0	0.0	0.0
"HPRR4320169"	0.0	0.0	0.0	0.0	0.0	0.0	0.0	0.0	0.0	0.0	0.0	0.0
"HPRR4320128"	0.0	0.0	0.0	0.0	0.0	0.0	0.0	0.0	0.0	0.0	0.0	0.0
"HPRR4320129"	0.0	0.0	0.0	0.0	0.0	0.0	0.0	0.0	0.0	0.0	0.0	0.0
"HPRR3760446"	0.9999	0.9999	1.0000	0.9997	0.9999	1.0000	0.0000	0.0000	0.0000	0.0	0.0	0.0
"HPRR3720421"	0.9185	0.9006	0.9067	1.0000	1.0000	1.0000	0.0000	0.0000	0.0000	0.0	0.0	0.0
"HPRR670080"	1.0000	1.0000	1.0000	0.0000	0.0000	0.0000	1.0000	1.0000	1.0000	0.0	0.0	0.0
"HPRR3760407"	1.0000	1.0000	1.0000	1.0000	1.0000	1.0000	0.0	0.0	0.0	0.0	0.0	0.0
"HPRR4350010"	0.0000	0.0000	0.0000	1.0000	1.0000	1.0000	0.0000	0.0000	0.0000	0.0	0.0	0.0
"HPRR670317"	1.0000	1.0000	1.0000	0.0000	0.0000	0.0000	1.0000	1.0000	1.0000	0.0	0.0000	0.0
"HPRR4350096"	1.0000	1.0000	1.0000	1.0000	1.0000	1.0000	0.0	0.0	0.0	0.0	0.0	0.0
"HPRR4310031"	0.0	0.0	0.0	0.0	0.0	0.0	0.0	0.0	0.0	0.0	0.0	0.0
"HPRR4310032"	0.0	0.0	0.0	0.0	0.0	0.0	0.0	0.0	0.0	0.0	0.0	0.0
"HPRR4350017"	1.0000	1.0000	1.0000	1.0000	1.0000	1.0000	1.0000	0.9994	0.9996	0.0	0.9891	0.0
"HPRR4310034"	0.0	0.0	0.0	0.0	0.0	0.0	0.0	0.0	0.0	0.0	0.0	0.0
"HPRR4310035"	0.0	0.0	0.0	0.0	0.0	0.0	0.0	0.0	0.0	0.0	0.0	0.0
"HPRR232684"	0.4931	0.0000	0.0000	0.0000	0.0000	0.0000	0.0	0.0	0.0	0.0	0.0	0.0
"HPRR4310036"	0.0	0.0	0.0	0.0	0.0	0.0	0.0	0.0	0.0	0.0	0.0	0.0
"HPRR3790336"	1.0000	1.0000	1.0000	1.0000	1.0000	1.0000	0.0000	0.0000	0.0000	0.0	0.0	0.0
"HPRR4291060"	0.0	0.0	0.0	0.0	0.0	0.0	0.0	0.0	0.0	0.0	0.0	0.0
"HPRR4310037"	0.0	0.0	0.0	0.0	0.0	0.0	0.0	0.0	0.0	0.0	0.0	0.0
"HPRR4180150"	1.0000	1.0000	1.0000	1.0000	1.0000	1.0000	0.0	0.0	0.0	0.0	0.0	0.0
"HPRR4291020"	0.0	0.0	0.0	0.0	0.0	0.0	0.0	0.0	0.0	0.0	0.0	0.0
"HPRR4310038"	0.0	0.0	0.0	0.0	0.0	0.0	0.0	0.0	0.0	0.0	0.0	0.0
"HPRR290033"	0.9347	0.0000	0.9745	0.0000	0.0000	0.0000	1.0000	1.0000	1.0000	0.0	0.0	0.0
"HPRR4291021"	0.0	0.0	0.0	0.0	0.0	0.0	0.0	0.0	0.0	0.0	0.0	0.0
"HPRR4310039"	0.0	0.0	0.0	0.0	0.0	0.0	0.0	0.0	0.0	0.0	0.0	0.0
"HPRR4291022"	0.0	0.0	0.0	0.0	0.0	0.0	0.0	0.0	0.0	0.0	0.0	0.0
"HPRR2110192"	1.0000	1.0000	1.0000	0.0000	0.0000	0.0000	1.0000	1.0000	1.0000	0.0	0.0	0.0
"HPRR4291023"	0.0	0.0	0.0	0.0	0.0	0.0	0.0	0.0	0.0	0.0	0.0	0.0
"HPRR2320220"	1.0000	1.0000	1.0000	0.0000	0.0000	0.0000	1.0000	1.0000	1.0000	0.0	0.0	0.0
"HPRR4291025"	0.0	0.0	0.0	0.0	0.0	0.0	0.0	0.0	0.0	0.0	0.0	0.0
"HPRR4450069"	0.9962	0.9992	0.9992	1.0000	1.0000	1.0000	0.0000	0.0000	0.0000	0.0	0.0	0.0
"HPRR4291026"	0.0	0.0	0.0	0.0	0.0	0.0	0.0	0.0	0.0	0.0	0.0	0.0
"HPRR4291027"	0.0	0.0	0.0	0.0	0.0	0.0	0.0	0.0	0.0	0.0	0.0	0.0
"HPRR4291028"	0.0	0.0	0.0	0.0	0.0	0.0	0.0	0.0	0.0	0.0	0.0	0.0
"HPRR4000109"	0.9391	0.9961	0.9959	1.0000	1.0000	1.0000	0.0	0.0	0.0	0.0	0.0	0.0
"HPRR4030303"	1.0000	1.0000	1.0000	1.0000	1.0000	1.0000	0.0000	0.0000	0.0000	0.0	0.0	0.0
"HPRR3090113"	1.0000	1.0000	1.0000	0.0000	0.0000	0.0000	1.0000	1.0000	1.0000	0.0	0.0	1.0000
"HPRR2210165"	1.0000	1.0000	1.0000	0.0000	0.0000	0.0000	1.0000	1.0000	1.0000	0.0	0.0	0.0
"HPRR3950020"	1.0000	1.0000	1.0000	1.0000	1.0000	1.0000	0.0000	0.0000	0.0000	0.0	0.0	0.0
"HPRR3330016"	0.9873	0.8282	0.9650	1.0000	1.0000	1.0000	0.0000	0.0000	0.0000	0.0	0.0	0.0
"HPRR4340110"	0.0	0.0	0.0	0.0	0.0	0.0	0.0	0.0	0.0	0.0	0.0	0.0
"HPRR4340111"	0.0	0.0	0.0	0.0	0.0	0.0	0.0	0.0	0.0	0.0	0.0	0.0
"HPRR3950025"	0.0000	0.0000	0.0000	1.0000	1.0000	0.9999	0.0	0.0	0.0	0.0	0.0	0.0
"HPRR1950515"	1.0000	1.0000	1.0000	0.0000	0.0000	0.0000	1.0000	1.0000	1.0000	0.0	0.0	0.0
"HPRR3730444"	1.0000	1.0000	1.0000	1.0000	1.0000	1.0000	0.0	0.0	0.0	0.0	0.0	0.0
"HPRR3730445"	1.0000	1.0000	1.0000	1.0000	1.0000	1.0000	0.0000	0.0000	0.0000	0.0	0.0	0.0
"HPRR4440122"	1.0000	1.0000	1.0000	1.0000	1.0000	1.0000	0.0000	0.0000	0.0000	0.0	0.0	0.0
"HPRR1951865"	1.0000	1.0000	0.9910	0.0000	0.0000	0.0000	1.0000	1.0000	1.0000	0.0	0.0	0.0
"HPRR4320590"	0.0	0.0	0.0	0.0	0.0	0.0	0.0	0.0	0.0	0.0	0.0	0.0
"HPRR4320591"	0.0	0.0	0.0	0.0	0.0	0.0	0.0	0.0	0.0	0.0	0.0	0.0
"HPRR4320550"	0.0	0.0	0.0	0.0	0.0	0.0	0.0	0.0	0.0	0.0	0.0	0.0
"HPRR4320592"	0.0	0.0	0.0	0.0	0.0	0.0	0.0	0.0	0.0	0.0	0.0	0.0
"HPRR4320551"	0.0	0.0	0.0	0.0	0.0	0.0	0.0	0.0	0.0	0.0	0.0	0.0
"HPRR4320510"	0.0	0.0	0.0	0.0	0.0	0.0	0.0	0.0	0.0	0.0	0.0	0.0
"HPRR4320593"	0.0	0.0	0.0	0.0	0.0	0.0	0.0	0.0	0.0	0.0	0.0	0.0
"HPRR4320552"	0.0	0.0	0.0	0.0	0.0	0.0	0.0	0.0	0.0	0.0	0.0	0.0
"HPRR4320511"	0.0	0.0	0.0	0.0	0.0	0.0	0.0	0.0	0.0	0.0	0.0	0.0
"HPRR2551790"	1.0000	1.0000	1.0000	0.0000	0.0000	0.0000	1.0000	1.0000	1.0000	0.0	0.0	0.0
"HPRR4320594"	0.0	0.0	0.0	0.0	0.0	0.0	0.0	0.0	0.0	0.0	0.0	0.0
"HPRR4320553"	0.0	0.0	0.0	0.0	0.0	0.0	0.0	0.0	0.0	0.0	0.0	0.0
"HPRR4320512"	0.0	0.0	0.0	0.0	0.0	0.0	0.0	0.0	0.0	0.0	0.0	0.0
"HPRR4320595"	1.0000	1.0000	1.0000	0.0	0.0	0.0	0.0000	1.0000	0.0000	0.0	0.0	0.0
"HPRR4320554"	0.0	0.0	0.0	0.0	0.0	0.0	0.0	0.0	0.0	0.0	0.0	0.0
"HPRR4320513"	0.0	0.0	0.0	0.0	0.0	0.0	0.0	0.0	0.0	0.0	0.0	0.0
"HPRR4320280"	0.0	0.0	0.0	0.0	0.0	0.0	0.0	0.0	0.0	0.0	0.0	0.0
"HPRR4320596"	0.0	0.0	0.0	0.0	0.0	0.0	0.0	0.0	0.0	0.0	0.0	0.0
"HPRR4320555"	0.0	0.0	0.0	0.0	0.0	0.0	0.0	0.0	0.0	0.0	0.0	0.0
"HPRR4320514"	0.0	0.0	0.0	0.0	0.0	0.0	0.0	0.0	0.0	0.0	0.0	0.0
"HPRR4320281"	0.0	0.0	0.0	0.0	0.0	0.0	0.0	0.0	0.0	0.0	0.0	0.0
"HPRR4320240"	0.0	0.0	0.0	0.0	0.0	0.0	0.0	0.0	0.0	0.0	0.0	0.0
"HPRR4320597"	0.0	0.0	0.0	0.0	0.0	0.0	0.0	0.0	0.0	0.0	0.0	0.0
"HPRR4320556"	0.0	0.0	0.0	0.0	0.0	0.0	0.0	0.0	0.0	0.0	0.0	0.0
"HPRR4320515"	0.0	0.0	0.0	0.0	0.0	0.0	0.0	0.0	0.0	0.0	0.0	0.0
"HPRR4320282"	0.9536	0.0	0.8640	0.9855	0.9855	0.0	0.0	0.0	0.0	0.0	0.0	0.0
"HPRR4320241"	0.0	0.0	0.0	0.0	0.0	0.0	0.0	0.0	0.0	0.0	0.0	0.0
"HPRR4320200"	0.0	0.0	0.0	0.0	0.0	0.0	0.0	0.0	0.0	0.0	0.0	0.0
"HPRR4320598"	0.0	0.0	0.0	0.0	0.0	0.0	0.0	0.0	0.0	0.0	0.0	0.0
"HPRR4320557"	0.0	0.0	0.0	0.0	0.0	0.0	0.0	0.0	0.0	0.0	0.0	0.0
"HPRR4320516"	0.0	0.0	0.0	0.0	0.0	0.0	0.0	0.0	0.0	0.0	0.0	0.0
"HPRR4320283"	0.0	0.0	0.0	0.0	0.0	0.0	0.0	0.0	0.0	0.0	0.0	0.0
"HPRR4320242"	0.0	0.0	0.0	0.0	0.0	0.0	0.0	0.0	0.0	0.0	0.0	0.0
"HPRR4320201"	0.0	0.0	0.0	0.0	0.0	0.0	0.0	0.0	0.0	0.0	0.0	0.0
"HPRR4320599"	0.0	0.0	0.0	0.0	0.0	0.0	0.0	0.0	0.0	0.0	0.0	0.0
"HPRR4320558"	0.0	0.0	0.0	0.0	0.0	0.0	0.0	0.0	0.0	0.0	0.0	0.0
"HPRR4320517"	0.0	0.0	0.0	0.0	0.0	0.0	0.0	0.0	0.0	0.0	0.0	0.0
"HPRR4320284"	0.0	0.0	0.0	0.0	0.0	0.0	0.0	0.0	0.0	0.0	0.0	0.0
"HPRR4320243"	0.0	0.0	0.0	0.0	0.0	0.0	0.0	0.0	0.0	0.0	0.0	0.0
"HPRR4320202"	0.0	0.0	0.0	0.0	0.0	0.0	0.0	0.0	0.0	0.0	0.0	0.0
"HPRR4320559"	0.0	0.0	0.0	0.0	0.0	0.0	0.0	0.0	0.0	0.0	0.0	0.0
"HPRR4320518"	0.0	0.0	0.0	0.0	0.0	0.0	0.0	0.0	0.0	0.0	0.0	0.0
"HPRR4320285"	0.0	0.0	0.0	0.0	0.0	0.0	0.0	0.0	0.0	0.0	0.0	0.0
"HPRR4320244"	0.0	0.0	0.0	0.0	0.0	0.0	0.0	0.0	0.0	0.0	0.0	0.0
"HPRR4320203"	0.0	0.0	0.0	0.0	0.0	0.0	0.0	0.0	0.0	0.0	0.0	0.0
"HPRR2750112"	0.9990	0.9989	0.9996	0.0000	0.0000	0.0000	1.0000	1.0000	1.0000	0.0	0.0	0.0
"HPRR4320519"	0.0	0.0	0.0	0.0	0.0	0.0	0.0	0.0	0.0	0.0	0.0	0.0
"HPRR4320286"	0.0	0.0	0.0	0.0	0.0	0.0	0.0	0.0	0.0	0.0	0.0	0.0
"HPRR4320245"	0.0	0.0	0.0	0.0	0.0	0.0	0.0	0.0	0.0	0.0	0.0	0.0
"HPRR4320204"	0.0	0.0	0.0	0.0	0.0	0.0	0.0	0.0	0.0	0.0	0.0	0.0
"HPRR4320287"	0.0	0.0	0.0	0.0	0.0	0.0	0.0	0.0	0.0	0.0	0.0	0.0
"HPRR4320246"	0.0	0.0	0.0	0.0	0.0	0.0	0.0	0.0	0.0	0.0	0.0	0.0
"HPRR4320205"	0.0	0.0	0.0	0.0	0.0	0.0	0.0	0.0	0.0	0.0	0.0	0.0
"HPRR4290148"	1.0000	1.0000	1.0000	1.0000	1.0000	1.0000	0.0000	0.0000	0.0000	0.0	0.9439	0.0
"HPRR4320288"	0.0	0.0	0.0	0.0	0.0	0.0	0.0	0.0	0.0	0.0	0.0	0.0
"HPRR4320247"	0.0	0.0	0.0	0.0	0.0	0.0	0.0	0.0	0.0	0.0	0.0	0.0
"HPRR4320206"	0.0	0.0	0.0	0.0	0.0	0.0	0.0	0.0	0.0	0.0	0.0	0.0
"HPRR4320289"	0.0	0.0	0.0	0.0	0.0	0.0	0.0	0.0	0.0	0.0	0.0	0.0
"HPRR4320248"	0.0	0.0	0.0	0.0	0.0	0.0	0.0	0.0	0.0	0.0	0.0	0.0
"HPRR4320207"	0.0	0.0	0.0	0.0	0.0	0.0	0.0	0.0	0.0	0.0	0.0	0.0
"HPRR4320249"	0.0	0.0	0.0	0.0	0.0	0.0	0.0	0.0	0.0	0.0	0.0	0.0
"HPRR4320208"	0.0	0.0	0.0	0.0	0.0	0.0	0.0	0.0	0.0	0.0	0.0	0.0
"HPRR4320209"	0.0	0.0	0.0	0.0	0.0	0.0	0.0	0.0	0.0	0.0	0.0	0.0
"HPRR2640051"	1.0000	1.0000	1.0000	0.0000	0.0000	0.0000	1.0000	1.0000	1.0000	0.0	0.0	0.0
"HPRR3760567"	0.0000	0.0000	0.0000	1.0000	1.0000	1.0000	0.0000	0.0000	0.0000	0.0	0.9891	0.0
"HPRR3760527"	0.9962	0.9992	0.8006	1.0000	1.0000	1.0000	0.0000	0.0000	0.0000	0.0	0.9603	0.0000
"HPRR4530049"	0.9993	0.9992	0.9992	1.0000	1.0000	1.0000	0.0000	0.0000	0.0000	0.0	0.0	0.0000
"HPRR3720232"	1.0000	1.0000	1.0000	1.0000	1.0000	1.0000	0.0000	0.0000	0.0000	0.0	0.0	0.0
"HPRR3790495"	0.9998	0.9999	0.9992	1.0000	1.0000	1.0000	0.0000	0.0000	0.0000	0.0	0.0	0.0
"HPRR2330125"	1.0000	1.0000	1.0000	0.0000	0.0000	0.0000	1.0000	1.0000	1.0000	0.0	0.0	0.0
"HPRR4040559"	1.0000	1.0000	1.0000	1.0000	1.0000	1.0000	0.0	0.0	0.0	0.0	0.0	0.0
"HPRR2330128"	0.0	0.0	0.0	0.0	0.0000	0.0000	0.9287	0.0	0.0	0.0	0.0	0.0
"HPRR2260008"	0.9921	0.9702	0.9992	0.0000	0.0000	0.0000	1.0000	1.0000	1.0000	0.0	0.0	0.0
"HPRR2360054"	1.0000	1.0000	1.0000	0.0000	0.0000	0.0000	1.0000	1.0000	1.0000	0.0	0.0	0.0
"HPRR3780090"	0.0000	0.0000	0.0000	1.0000	1.0000	1.0000	0.0	0.0	0.0	0.0	0.0	0.0
"HPRR3780091"	0.0000	0.0000	0.0000	1.0000	1.0000	1.0000	0.0000	0.0000	0.0000	0.0	0.0	0.0
"HPRR3780010"	1.0000	1.0000	1.0000	1.0000	1.0000	1.0000	0.0000	0.0000	0.0000	0.0	0.0	0.0
"HPRR2180104"	1.0000	1.0000	1.0000	0.0	0.0	0.0	1.0000	1.0000	1.0000	0.0	0.0	0.9885
"HPRR3780093"	1.0000	1.0000	1.0000	1.0000	1.0000	1.0000	0.0000	0.0000	0.0000	0.0	0.0	0.0
