"PEP"	"A1"	"A2"	"A3"	"B1"	"B2"	"B3"	"C1"	"C2"	"C3"	"D1"	"D2"	"D3"
"HPRR1010001"	1	1	1	0	0	0	1	1	1	0	0	0
"HPRR1060049"	0	0	0	0	0	0	0	0	0	0	0	0
"HPRR1310038"	0.9974	0	0.9995	0	0	0.9855	0.9972	1	0.9977	0	0	0
"HPRR1320009"	1	1	1	0	0	0	1	1	1	0	0	0
"HPRR1370013"	1	1	1	0	0	0	1	1	1	0	0	0
"HPRR1370116"	0	0	0	0	0	0	1	1	1	0.9351	0	0
"HPRR140662"	1	1	1	0	0	0	1	1	1	0	0	0
"HPRR140746"	0	0	0	0	0	1	0.9988	1	0.5421	0	0	0
"HPRR1410031"	1	1	1	0	0	0.9624	1	1	1	0	0	0
"HPRR1410063"	0.576	0.9999	0.9999	0	0	0	1	1	0.9998	0	0	0
"HPRR1440139"	1	1	1	0	0	0	1	1	1	0	0	0
"HPRR1450059"	1	1	1	0	0	0	1	1	1	0	0.4814	0
"HPRR1450073"	1	1	1	0	0	0	1	1	1	0	0	0
"HPRR1450141"	1	1	1	0	0	0.8915	1	1	1	0	0	0
"HPRR1450208"	1	1	1	0	0	0.6593	1	1	1	0	0.9919	0
"HPRR1450215"	1	1	1	0	0	0	1	1	1	0	0	0
"HPRR1450319"	1	1	1	0	0	0	1	1	1	0	0	0
"HPRR1450358"	1	1	1	0	0	0	1	1	1	0	0	0
"HPRR1450363"	0.9999	0.9997	0.9997	0	0	0	1	1	1	0	0	0
"HPRR1450675"	1	1	1	0	0	0	1	1	1	0	0	0
"HPRR1460001"	1	1	1	0	0	0	1	1	1	0	0	0
"HPRR1470130"	0	0.9963	0.9814	0	0	0	0.9999	0.9974	0.9952	0	0	0
"HPRR1710003"	1	1	1	0	0	0	1	1	1	0	0	0
"HPRR1840184"	1	1	0.9987	0	0	0	1	1	1	0	0	0
"HPRR1850008"	1	1	1	0	0	0	1	1	1	0	0	0
"HPRR1900002"	1	1	1	0	0	0	1	1	1	0	0	0
"HPRR1920021"	0.9979	0.9982	0.9973	0	0	0	1	1	1	0	0	0
"HPRR1950075"	1	1	1	0	0	0	1	1	1	0	0	0
"HPRR1950229"	1	0.9999	1	0	0	0	1	1	1	0	0	0
"HPRR1950268"	1	1	1	0	0	0	1	1	1	0	0	0
"HPRR1950303"	1	1	1	0	1	1	1	1	1	0	1	0
"HPRR1950385"	1	1	1	0	0	0	1	1	1	0	0	0
"HPRR1950515"	1	1	1	0	0	0	1	1	1	0	0	0
"HPRR1950528"	1	1	1	0	0	0	1	1	1	0	0	0.9953
"HPRR1950679"	1	1	1	0.5807	0.9901	0.9993	1	1	1	0	0.8841	0.9928
"HPRR1951262"	1	1	1	0.7483	0.4928	0.9981	1	1	1	0	0	0
"HPRR1951263"	0.998	1	1	0	0	0	1	1	1	0	0	0
"HPRR1951347"	1	1	1	0.9964	0	0	1	1	1	0	0	0
"HPRR1951371"	1	1	1	0	0	0	1	1	1	0	0	0
"HPRR1951385"	0	0	0	0.992	0	0	0	0	0	0	0.9773	0
"HPRR1951431"	1	1	1	0	0	0	1	1	1	0	0	0
"HPRR1951583"	1	1	1	0	0	0	1	1	1	0	0	0
"HPRR1951645"	1	1	1	0	0	0	1	1	1	0	0	0
"HPRR1951653"	0.9937	0.997	0.9821	0	0	0	1	1	1	0	0	0
"HPRR1951747"	0	0.6887	0.9995	0	0	0	1	1	1	0	0.7966	0
"HPRR1951788"	1	1	1	0	1	1	0.9996	0.9997	0.9716	0	0	0
"HPRR1951792"	1	1	1	0	0	0	1	1	1	0	0	0
"HPRR1951798"	1	1	1	0	0	0	1	1	1	0	0	0
"HPRR1951865"	1	1	1	0	0.969	0	1	1	1	0	0	0
"HPRR1952061"	1	0.9997	0.9993	0	0	0	1	1	1	0.8454	0	0
"HPRR1952070"	0	0	0	0	0	0	1	1	1	0	0	0
"HPRR1952500"	1	1	1	0	0	0	1	1	1	0	0	0
"HPRR2010050"	1	0	1	0	0	0	1	1	1	0	0	0
"HPRR2050028"	0.9999	1	1	0	0	0	1	1	1	0	0	0
"HPRR2050032"	1	1	1	0	0.892	0	1	1	1	0	0	0
"HPRR2050226"	1	1	1	0	0	0	1	1	1	0	0	0.8306
"HPRR2050313"	1	1	1	0	0	0	1	1	1	0	0.9955	0
"HPRR2050324"	1	1	1	1	1	0	1	1	1	0	0.976	0.9957
"HPRR2090043"	1	1	1	1	1	0	1	1	1	0	0	0
"HPRR2110056"	1	1	1	0	0	0	1	1	1	0	0	0
"HPRR2110077"	1	0	1	0.9556	0	0	1	1	1	0	0	0
"HPRR2110192"	1	1	1	0	0	0	1	1	1	0	0	0
"HPRR2110442"	1	1	1	0	0	0	0.9963	1	1	0	0	0
"HPRR2110489"	1	0	1	0	0	0	1	1	1	0	0	0.9957
"HPRR2110498"	1	1	1	0	0	0	1	1	1	0	0	0
"HPRR2150237"	1	1	1	0	0	0	1	1	1	0	0	0
"HPRR2150393"	1	1	1	0	0	0	1	1	1	0	0	0
"HPRR2180104"	1	1	1	0	0	0	1	1	1	0	0	0.9949
"HPRR2200011"	1	1	1	0	0	0	1	1	1	0	0	0.9906
"HPRR220635"	0	0	0	0	0.9942	0	0	0	0	0	0	0
"HPRR2210058"	1	1	1	0.9964	0.9965	0	1	1	1	0	0	0
"HPRR2210116"	1	1	1	0	0	0	1	1	1	0	0	0
"HPRR2210165"	1	1	1	0	0	0	1	1	1	0.3074	0	0
"HPRR2250253"	0	0	0	0	0.5329	0	0	0	0	0	0	0
"HPRR2250382"	0	0	0	0	0	0	1	1	1	0	0	0
"HPRR2250386"	1	0.6749	0.9998	0	0.9142	0	1	1	1	0	0	0
"HPRR2260008"	0.9987	0.9968	1	0	0	0	1	1	1	0	0	0
"HPRR2280170"	0.9986	1	0	0	0	0.999	1	1	1	0	0	0
"HPRR2300033"	1	0.9975	0.9968	0	0	0	0.9994	0.9982	0.9994	0	0	0
"HPRR230870"	1	1	1	1	1	1	0.9998	0.9955	0.8878	0	0	0
"HPRR230897"	1	1	1	0	0	0	1	1	1	0	0	0
"HPRR2310049"	1	1	1	0	0	0	0	0	0	0	0	0
"HPRR2310052"	1	1	1	0	0	0	1	1	1	0	0	0
"HPRR231541"	0.9979	0.9981	0.9988	0.6876	0	0	1	0.9999	1	0	0	0
"HPRR231756"	0.9948	1	1	0	0	0	1	1	1	0	0	0
"HPRR231837"	1	1	1	0	0	0.6692	1	1	1	0	0	0
"HPRR2320042"	1	1	1	0.9967	1	0.9963	1	1	1	0	0	0
"HPRR2320218"	1	1	1	0	0	0.717	1	1	1	0	0	0
"HPRR2320220"	1	1	1	0	0	0	1	1	1	0	0	0
"HPRR232384"	1	1	1	0	0.8298	0.9919	1	1	1	0	0	0
"HPRR232666"	0	0	0	0	0	0	0.9623	0.9801	0	0	0	0
"HPRR232684"	0	0	0	0	0	0	0	0	0	0	0	0
"HPRR2330125"	1	1	0.9994	0	0	0	1	1	1	0	0	0
"HPRR2330128"	0	0	0	0	0	0	0.9191	0	0	0	0	0
"HPRR233074"	1	1	1	1	1	1	1	1	1	0	0	0
"HPRR2360054"	1	1	1	0	0	0	1	1	1	0	0	0
"HPRR2390048"	0	0	0	0	0	0	0	0	0	0	0.9955	0
"HPRR2390049"	0.9892	0.9749	0.9709	0	0	0	0.9453	0.9852	1	0	0	0
"HPRR2390052"	0	0	0	0	0	0	1	0	0.9969	0	0	0
"HPRR2390053"	0	0	0	0	0	0	1	0	0	0	0	0
"HPRR2390055"	1	1	0	0	0	0	1	1	1	0	0	0
"HPRR2390061"	1	1	1	0	0	0.7164	1	1	1	0	0	0
"HPRR2440154"	1	1	1	0	0.8732	0	1	1	1	0	0.9955	0
"HPRR2440405"	1	1	1	0	0	0	1	1	1	0	0	0
"HPRR2440464"	0	0.9999	0.9944	0	0	0	0.9982	0.9962	0.9956	0	0	0
"HPRR2440760"	0	0.9958	0.994	0	0	0	0.9969	1	1	0	0	0
"HPRR2441086"	0	0	0	0	0.9739	0	1	1	1	0	0	0
"HPRR2470377"	0.8773	0.9496	0.6619	0	0.6863	0.9964	1	1	1	0	0	0
"HPRR2490019"	0	0	0	0	0	0.6833	0	0	0	0	0	0
"HPRR2500088"	1	1	1	0	0	0	1	1	1	0	0	0
"HPRR2500196"	1	1	1	0	0	0	1	1	1	0	0	0
"HPRR2500368"	1	1	1	1	0.993	0	1	1	1	0	0	0
"HPRR2500716"	1	1	1	0	0	0	1	1	1	0	0	0
"HPRR2501480"	1	1	1	0	0	0	1	1	1	0	0	0
"HPRR2510213"	0.9989	1	1	0	0	0	1	1	1	0	0	0
"HPRR2510306"	1	1	1	0.9981	0	0.7619	1	1	1	0	0	0
"HPRR2540222"	0	0.8254	0	0	0	0	0.9998	0.9988	0.9995	0	0	0
"HPRR2540402"	0.9965	0.9971	0.996	0	0	0	0.9963	0.9962	1	0	0	0
"HPRR2540430"	0	0	0	0	0	0	0	0	0	0	0	0
"HPRR2540435"	0	0	0.9909	0.9967	0.9971	0	1	0.9737	1	0	0	0
"HPRR2540567"	1	1	1	0	0	0	1	1	1	0	0	0
"HPRR2540609"	1	1	1	0	0	0	1	1	1	0	0	0
"HPRR2550362"	0.9996	0.9995	1	0	0	0	1	1	1	0	0	0
"HPRR2550550"	0.9994	0	0.9994	0	0	0	1	1	1	0	0.9941	0
"HPRR2550573"	0.9613	0	0.9923	0	0	0	1	1	1	0	0	0
"HPRR2550633"	1	1	1	0	0	0	1	1	1	0	0	0
"HPRR2551184"	1	1	1	0	0	0	1	1	1	0	0	0
"HPRR2551185"	1	0	1	0	0	0	1	1	1	0	0	0
"HPRR2551249"	1	1	1	0	0	0	1	1	1	0	0	0
"HPRR2551324"	1	1	1	0	0	0	1	1	1	0	0	0
"HPRR2551632"	1	1	1	0	0	0	1	1	1	0	0	0
"HPRR2551682"	1	1	1	0	0	0	1	1	1	0	0	0
"HPRR2551790"	1	1	1	0	0	0	1	1	1	0	0	0
"HPRR2552126"	1	1	1	0.9944	0.9968	0.9966	1	1	1	0	0	0
"HPRR2580010"	0	0	0	0	0	0	0	0	0	0	0	0
"HPRR260088"	0.9997	0.9982	1	0	0	0	1	1	1	0	0.6977	0
"HPRR2620002"	0	1	0	0	0	0	0	0	0	0	0	0
"HPRR2620016"	1	1	1	0	0	0	1	1	1	0	0	0
"HPRR2620054"	1	1	1	0.9951	0	0	1	1	1	0	0	0
"HPRR2640051"	1	1	1	0	0	0	1	1	1	0	0	0
"HPRR2640146"	1	1	1	0	0	0	1	1	1	0	0	0
"HPRR2650003"	1	1	1	0	0	0	1	1	1	0	0	0.9699
"HPRR2700128"	1	1	1	0	0	0	1	1	1	0	0	0.9957
"HPRR2700178"	1	0.9982	1	0	0	0	0	1	0	0	0	0
"HPRR2700179"	1	1	1	0	0	0	1	1	1	0	0	0
"HPRR2750112"	0.9984	0.9982	0.9996	0	0	0	1	1	1	0	0	0
"HPRR2760146"	1	0.9999	1	0	0	0	1	1	1	0	0	0
"HPRR2760180"	1	1	1	0	0	0	1	1	1	0	0	0
"HPRR2760182"	1	1	1	0	0	0	1	1	1	0	0	0
"HPRR2760304"	1	1	1	0	0	0	1	1	1	0	0	0
"HPRR280003"	1	1	1	0	0.8758	0	1	1	1	0	0	0
"HPRR280079"	0.9952	0.9955	1	0.367	0	0	1	1	1	0	0	0
"HPRR280081"	1	1	1	1	1	1	1	1	1	0	0	0
"HPRR280111"	1	1	1	0	0	0	1	1	1	0	0	0.5227
"HPRR2810004"	1	1	1	0	1	0	1	1	1	0	0	0
"HPRR2810254"	1	1	1	0	0	0	0.9999	1	0.9999	0	0	0
"HPRR2880070"	0.9989	0.9989	0.9989	0	0	0	1	1	1	0	0	0
"HPRR2890041"	1	1	1	0	0	0	1	1	1	0	0	0
"HPRR290033"	0.9962	0.9225	0.9888	0.9309	0	0	1	1	1	0	0	0.9819
"HPRR2930357"	1	1	1	0	0	0	1	1	1	0	0	0
"HPRR2970116"	0	0.9999	1	1	1	1	0	0	0	0.9821	1	0
"HPRR2990028"	1	1	1	1	1	1	0	0	0	0	0	0
"HPRR2990033"	0.9971	1	1	1	1	1	0	0	0	0	0	0
"HPRR3000481"	0.9999	0.9997	1	0	0	0	1	1	1	0	0	0
"HPRR300183"	1	1	1	0	0	0	1	1	1	0	0	0
"HPRR3020476"	1	1	1	0	0	0	1	1	1	0	0	0
"HPRR3071109"	0	0	0	0	0.9962	0.9963	0	0	0	0	0	0
"HPRR3090113"	1	1	1	0	0	0	1	1	1	0	0	1
"HPRR3120119"	0	1	0.9952	0.25	0	0	0	0	0	0	0	0
"HPRR3140345"	0.9999	0.9999	0.9999	0	0	0	1	1	1	0	0	1
"HPRR330224"	1	1	1	0.9749	0	0	1	1	1	0.9428	0	0
"HPRR330275"	0.9975	0.9991	1	0	0	0	1	1	1	0	0.9932	0
"HPRR3330016"	0.9997	0.974	1	1	1	1	0	0	0	0	0	0
"HPRR340034"	1	1	1	0	0	0	1	1	1	0	0.995	0
"HPRR340039"	0	0.9682	1	0	0	0	1	1	1	0	0	0
"HPRR340181"	1	1	1	0	0	0	1	1	1	0	0	0
"HPRR3420055"	1	1	1	0	0	0.9608	1	1	1	0	0	0
"HPRR3450022"	1	1	1	0	0	0	1	1	1	0	0	0
"HPRR3450023"	0	0	0	0	0.3704	0.9966	0	0	0	0	0	0
"HPRR360208"	1	1	1	0	0	0	1	1	1	0	0	0
"HPRR3640011"	0	0	0.9145	1	1	1	0	0	0	0	0	0
"HPRR3670067"	0.9992	0.9993	0.9939	1	1	1	0	0	0	0	0	0
"HPRR3690184"	1	1	1	1	1	1	0	0	0	0	0	0
"HPRR3700338"	1	1	1	1	1	1	0	0	0	0	0	0
"HPRR370244"	1	1	1	0	0	0	1	1	1	0	0	0
"HPRR3720023"	0	0	0	1	0	1	0	0	0	0	0	0
"HPRR3720166"	1	1	1	0	0	0	1	1	1	0	0	0
"HPRR3720232"	1	1	1	1	1	1	0	0	0	0	0	0
"HPRR3720352"	1	1	1	1	1	1	0	0	0	0	0.995	0
"HPRR3720402"	0	0	0	1	1	1	0	0	0	0	0	0
"HPRR3720421"	0.9473	0.9514	0.9647	1	0.9996	1	0	0	0	0	0	0
"HPRR3720532"	1	1	1	1	1	1	0	0	0	0	0	0
"HPRR3720606"	1	1	1	1	1	1	0	0	0	0	0	0
"HPRR3720617"	1	1	1	1	1	1	0	0	0	0	0	0
"HPRR3720679"	1	1	1	1	1	1	0	0	0	0	1	0
"HPRR3730022"	1	1	1	1	1	1	0	0	0	0	0.9955	0
"HPRR3730024"	0.9955	1	0.9969	1	1	1	0	0	0	0	0	0
"HPRR3730146"	1	1	1	1	1	1	0	0	0	0	0	0
"HPRR3730168"	1	1	1	1	1	1	0	0	0	0	0	0
"HPRR3730192"	1	1	0.9973	1	1	1	0	0	0	0	0	0
"HPRR3730250"	1	1	1	1	1	1	0	0	0	0	0	0
"HPRR3730276"	1	1	1	1	1	1	0.6443	0	0	0	0	0
"HPRR3730312"	1	0.9988	0.997	1	1	1	0	0	0	0	0	0
"HPRR3730314"	1	1	1	1	1	1	0	0	0	0	0	0
"HPRR3730410"	1	1	1	1	1	1	0	0	0	0	0	0
"HPRR3730415"	1	0	1	1	1	1	1	1	1	0	0	0
"HPRR3730429"	0.9642	0	0	1	1	0	0.6019	0.8104	0	0	0	0
"HPRR3730444"	1	1	1	1	1	1	0	0	0	0	0	0
"HPRR3730445"	1	1	1	1	1	1	0	0	0	0	0	0
"HPRR3730453"	0.9969	0.9989	0.9987	0.9994	0.9887	1	0	0	0	0	0.9999	0.8544
"HPRR3730589"	1	1	1	1	1	1	0	0	0	0	0	0
"HPRR3760008"	1	1	1	1	1	1	0.62	0	0	0	0	0
"HPRR3760142"	1	1	1	1	1	1	0	0	0	0	0	0
"HPRR3760365"	1	1	1	1	1	1	0	0	0	0	0	0
"HPRR3760407"	1	1	1	1	1	1	0	0	0	0	0	0
"HPRR3760434"	1	1	1	1	1	1	0	0	0	0	0	0
"HPRR3760436"	0	0.995	0	1	1	1	0	0	0	0	0	0
"HPRR3760446"	0	0	1	1	1	1	0	0	0	0	0	0
"HPRR3760498"	1	1	1	1	1	1	0	0	0	0	0	0
"HPRR3760527"	0	0.9962	0	0	0	1	0	0	0	0	0	0
"HPRR3760567"	0	0	0	1	1	1	0	0	0	0	0	0
"HPRR3760696"	0	0	0.9973	0	0.9968	1	0	0	0	0	0	0
"HPRR3760711"	0.6374	1	0.9974	1	1	1	0	0	0	0	0.9036	0
"HPRR3760765"	1	0.9995	0.9793	1	1	1	0	0	0	0	0	0
"HPRR3760825"	1	1	1	1	1	1	0	0	0	0	0	0
"HPRR3760883"	1	1	1	1	1	1	0	0	0	0	0	0
"HPRR3761047"	0.9979	0.9989	0.9976	1	1	1	0	0	0	0	0	0
"HPRR3761106"	1	1	1	1	1	1	0	0	0	0	0	0
"HPRR3761107"	1	1	1	1	1	1	0	1	1	0	0	0
"HPRR3761220"	1	0.9997	0.9949	1	1	1	0	0	0	0	0	0
"HPRR3770029"	1	1	1	1	1	1	0	0	0	0	0	0
"HPRR3770042"	1	1	0.9994	1	1	1	0	0	0	0	0	0
"HPRR3770043"	1	1	1	1	1	1	0	0	0	0	0	0
"HPRR3780010"	1	1	1	1	1	1	0	0	0	0	0	0
"HPRR3780084"	1	1	1	1	1	1	0	0	0	0	0.9955	0
"HPRR3780090"	0	0	0	1	1	1	0.9207	0	0	0	0	0
"HPRR3780093"	1	1	1	1	1	1	0	0	0	0	0	0
"HPRR3790306"	1	1	1	1	1	1	0	0	0	0	0	0
"HPRR3790336"	1	1	1	1	1	1	0	0	0	0	0	0
"HPRR3790495"	1	1	1	1	1	1	0	0	0	0	0	0
"HPRR3790667"	1	1	1	1	1	1	0	0	0	0	0	0
"HPRR3790889"	1	1	1	1	1	1	0	0	0	0	0	0
"HPRR3830169"	1	1	1	1	1	1	0	0	0	0	0.9955	0
"HPRR3830190"	1	1	1	1	1	1	0	0	0	0	1	0
"HPRR3830237"	1	1	1	1	1	0.9978	0	0	0	0	0	0
"HPRR3830287"	0.9988	0.9999	1	1	1	1	0	0	0	0	0	0
"HPRR3870078"	1	1	1	1	1	1	0	0	0	0	0	0
"HPRR3870348"	1	1	1	1	1	1	0	0	0	0	0	0
"HPRR3880146"	0	0	0	1	1	1	0	0	0	0	0	0
"HPRR3880239"	1	1	0.9978	1	1	1	0	0	0	0	0	0
"HPRR3890095"	1	1	1	1	1	1	0	0	0	0	0	0
"HPRR3890141"	0.9971	0	0	0	0	0	0	0	0	0	0.8212	0
"HPRR3890559"	1	1	1	1	1	1	0	0	0	0	0	0
"HPRR3890570"	0	0	0	0	0	1	0	0	0	0	0	0
"HPRR3890842"	0	0	0.996	0.9979	1	1	0	0	0	0	0	0
"HPRR3890843"	1	1	1	1	1	1	0	0	0	0	0	0
"HPRR390019"	1	1	1	0	0	0	1	1	1	0	0	0
"HPRR3910060"	1	1	1	0	0	0	1	1	1	0	0	0
"HPRR3920052"	0.9995	1	0.9995	1	1	0.9996	0	0	0	0	0	0
"HPRR3920089"	1	1	1	1	1	1	0	0	0	0	0	0
"HPRR3940080"	0.9979	0.9981	0.9988	1	1	1	0	0	0	0	0	0
"HPRR3950020"	1	1	1	1	1	1	0	0	0	0	0	0
"HPRR3950025"	0	0	0	1	1	1	0	0	0	0	0	0
"HPRR3950052"	1	1	1	1	1	1	0	0	0	0	0	0
"HPRR3950112"	1	1	1	1	1	1	0	0	0	0	0	0
"HPRR3950217"	1	1	1	1	1	1	0.9986	0	0	0	0	0
"HPRR3970041"	0.9955	1	0.9757	1	1	1	0	0	0	0	0	0
"HPRR3970058"	1	1	1	1	1	1	0	0	0	0	0	0
"HPRR4000109"	1	0.9807	1	1	1	1	0.5688	0	0	0	0	0
"HPRR4000204"	1	1	0	1	1	1	0	0	0	0	0	0
"HPRR4000237"	1	1	1	1	1	1	0	0	0	0	0	0
"HPRR4000324"	1	0.9989	1	1	1	1	0	0	0	0	0	0
"HPRR4030012"	1	1	1	1	1	1	0	0	0	0	0	0
"HPRR4030022"	1	1	0.9973	1	1	1	0	0	0	0	0	0
"HPRR4030046"	1	1	1	0.8301	0	0	1	1	1	0	0	0
"HPRR4030092"	1	0.9982	1	1	1	1	0	0	0	0	0	0
"HPRR4030132"	1	1	0.9985	1	1	1	0	0	0	0	0	0
"HPRR4030177"	1	1	1	1	1	1	0	0	0	0	0	0
"HPRR4030233"	0	0	0	0	0	0	0	0	0	0	0.9955	0.9953
"HPRR4030303"	1	1	1	1	1	1	0	0	0	0	0	0
"HPRR4030335"	1	1	1	1	1	1	0	0	0	0	0	0
"HPRR4030352"	1	0.9992	1	1	1	1	0	0	0	0	0	0
"HPRR4030419"	1	1	1	1	1	1	0	0	0	0	0	0
"HPRR4030441"	1	1	1	1	1	1	0	0	0	0	0	0
"HPRR4030471"	1	1	1	1	1	1	0	0	0	0	0	0
"HPRR4030528"	1	1	1	1	1	1	0	0	0	0	0	0
"HPRR4040007"	1	1	1	1	1	1	0	0	0	0	0	0
"HPRR4040265"	1	1	1	1	1	1	0	0	0	0	0	0
"HPRR4040278"	0.9994	1	0.9701	1	1	1	0	0	0	0	0	0
"HPRR4040559"	1	1	1	1	1	1	0	0	0	0	1	0
"HPRR4050190"	0.9968	0	1	1	1	1	0	0	0	0	0	0
"HPRR4050261"	1	1	1	1	1	1	0	0	0	0	0.9888	0
"HPRR4050491"	0.9997	0.9997	0.998	1	1	1	0	0	0	0	0	0
"HPRR4050590"	1	1	1	1	1	1	0	0	0	0	0	0
"HPRR4060128"	1	1	1	1	1	1	0	0	0	0	0	0
"HPRR4060158"	1	1	1	1	1	1	0	0	0	0	0	0
"HPRR4060165"	1	1	1	1	1	1	0	0	0	0	0	0
"HPRR4080136"	1	0.9999	1	0.9995	0	0	0	0	0	0	0	0
"HPRR4110123"	1	1	1	1	1	1	0	0	0	0	0	0
"HPRR4110155"	1	1	1	1	1	1	0	0	0	0	0.9946	0
"HPRR4110213"	1	0	0.9989	1	1	1	0	0	0	0	0	0
"HPRR4110252"	1	1	1	1	1	1	0	0.9962	0	0	0	0
"HPRR4110358"	0	1	1	1	1	1	0	0	0	0	0	0
"HPRR4110422"	0.9989	0.9971	0.9973	1	1	1	0	0	0	0	0	0
"HPRR4120086"	0.3829	0.9985	0	0	0	0	0	0	0	0	0	0
"HPRR4120251"	1	1	1	1	1	1	0	0	0	0	0	0
"HPRR4160302"	1	1	1	1	1	1	0	0	0	0	0	0
"HPRR4160392"	1	1	1	1	1	1	0	0	0	0	0	0
"HPRR4160447"	1	1	1	1	1	1	0	0	0	0	0	0
"HPRR4160484"	1	1	1	1	1	1	0	0	0	0	0	0
"HPRR4160492"	1	1	1	1	1	1	0	0.9962	0	0	1	0.9957
"HPRR4160683"	1	1	1	1	1	1	0	0	0	0	0.9919	0
"HPRR4160788"	1	0.8002	0.9982	1	1	1	0	0	0	0	0	0
"HPRR4180065"	1	0	1	1	1	1	0	0	0	0	0	0.6033
"HPRR4180150"	1	1	1	1	1	1	0.4268	0.5352	0.2292	0	0	0
"HPRR4190087"	1	1	1	1	1	1	0	0.8367	0	0	0	0
"HPRR4190113"	0.9991	1	1	1	1	1	0	0	0	0	0	0
"HPRR4190190"	1	0.9987	1	1	1	1	0	0	0	0	0	0
"HPRR4190307"	1	1	1	1	1	1	0	0	0	0	0	0
"HPRR4190550"	1	1	1	1	1	1	0	0	0	0	0	0
"HPRR4190863"	1	1	1	1	1	1	0	0	0	0	0	0
"HPRR4220263"	1	1	1	1	1	1	0	0	0	0	0	0
"HPRR4220485"	0	0	0	1	0	0	0	0	0	0	0	0
"HPRR4240053"	0.9989	0.9997	0	1	1	1	0	0	0	0	0	0
"HPRR4280057"	1	1	1	1	1	1	0	0	0	0	0	0
"HPRR4280132"	0.9979	0.9969	0.9972	1	1	1	0	0	0	0	0	0
"HPRR4280170"	1	1	1	1	1	1	0	0	0	0	0	0
"HPRR4290148"	1	1	1	1	1	1	0	0	0	0	0	0
"HPRR4290343"	0.9999	0.9969	0.9896	1	1	1	0	0	0	0	0	0
"HPRR4290874"	0	0	0	0	0	0	0	0	0	0	0	0
"HPRR4290879"	0	0.9784	0	0.5501	0	0	0	0	0	0	0	0
"HPRR4290882"	0	0	0	0	0	0	0	0	0	0	0	0
"HPRR4290886"	0	0	0.2133	0	0	0	0	0	0	0	0	0
"HPRR4290891"	0	0	0	0	0	0	0	0	0	0	0	0
"HPRR4290892"	0	0	0	0	0	0	0	0	0	0	0	0
"HPRR4290895"	0	0	0	0	0	0	0	0	0	0	0	0
"HPRR4290900"	0	0	0	0	0	0	0	0	0	0	0	0
"HPRR4290911"	0	0	0	0	0	0	0	0	0	0	0	0
"HPRR4290913"	0	0	0	0.297	0	0	0	0	0	0	0	0
"HPRR4290915"	0	0	0	0	0	0	0	0	0	0	0	0
"HPRR4290926"	0	0.3158	0	0	0	0	0	0	0	0	0	0
"HPRR4290932"	0	0	0	0	0	0	0	0	0	0	0	0
"HPRR4290933"	0	0	0	0	0	0	0	0	0	0	0	0
"HPRR4290939"	0	0	0	0	0	0	0	0	0	0	0	0
"HPRR4290942"	0	0	0	0	0	0	0	0	0	0	0	0
"HPRR4290943"	0.2775	0	0	0	0	0	0	0	0	0	0	0
"HPRR4290950"	0	0	0	0	0	0	0	0	0	0	0	0
"HPRR4290959"	0.263	0	0.2898	0	0.6098	0	0.8085	0	0.5689	0	0	0
"HPRR4290960"	0	0	0	0	0	0	0	0	0	0	0	0
"HPRR4290963"	0	0	0	0	0.7531	0	0	0	0	0	0	0
"HPRR4290966"	0	0.787	0	0	0.9952	0	0	0	0	0	0	0
"HPRR4290970"	0	0	0	0	0	0	0	0	0	0	0	0
"HPRR4290976"	1	0.9767	0.9999	1	1	1	0	0	0	0	0	0
"HPRR4290978"	0	0	0	0	0	0	0	0	0	0	0	0
"HPRR4290979"	0	0	0	0	0	0	0	0	0	0	0	0
"HPRR4290983"	0	0	0	0.3674	0	0.9769	0	0	0	0	0	0
"HPRR4290985"	0	0	0	0	0	0	0	0	0	0	0	0
"HPRR4290986"	0	0	0	0	0	0.3083	0	0	0	0	0	0
"HPRR4290987"	0	0	0	0	0.9968	0	0	0	0	0	0	0
"HPRR4290989"	0	0	0	0	0	0	0	0	0	0	0	0
"HPRR4291000"	0.8824	0.5598	0	0	0	0.8899	0	0.947	0.9843	0	0	0
"HPRR4291007"	0	0	0	0	0	0	0	0	0	0	0	0
"HPRR4291022"	0	0	0	0	0	0	0	0	0	0	0	0
"HPRR4291027"	0	0	0	0	0	0	0.6799	0	0	0	0	0
"HPRR4291035"	0	0	0	0	0	0.9455	0	0.793	0	0	0	0
"HPRR4291036"	0	0	0	0	0	0	0	0	0	0	0	0
"HPRR4291040"	0.8536	0.9723	0	0	0.3841	0	0	0	0	0	0	0
"HPRR4291041"	0	0	0	0	0	0	0	0	0	0	0	0
"HPRR4291045"	0.536	0	0	0	0	0	0	0	0	0	0	0
"HPRR4291049"	0	0	0	0.9708	0	0	0	0	0	0	0	0
"HPRR4291051"	0	0	0	0	0	0	0.6347	0	0	0	0	0
"HPRR4291053"	0	0	0	0	0	0	0	0	0	0	0	0
"HPRR4291056"	0	0	0	0.8389	0	0	0	0	0	0	0	0
"HPRR4291057"	0	0	0	0	0.2981	0	0	0	0	0	0	0
"HPRR4291060"	0	0	0	0	0	0	0	0	0	0	0	0
"HPRR4310001"	0	0	0	0.6213	0	0	0	0	0	0	0	0
"HPRR4310002"	0	0	0	0	0	0	0.6148	0	0	0	0	0
"HPRR4310005"	0	0	0	0	0	0	0	0	0	0	0	0
"HPRR4310009"	0	0	0	0	0	0	0	0	0	0	0	0
"HPRR4310011"	0	0	0	0	0	0	0	0	0	0	0	0
"HPRR4310018"	0	0	0	0	0	0	0	0	0	0	0	0
"HPRR4310022"	0	0	0	0	0	0	0	0	0	0	0	0
"HPRR4310024"	0.922	0	0.6637	0.8846	0.9999	1	0.9847	0.9962	0.9788	0	0	0
"HPRR4310025"	0	0	0	0	0	0	0	0	0	0	0	0
"HPRR4310027"	0.2514	0.3245	0	0	0	0	0	0	0	0	0	0
"HPRR4310028"	0	0	0	0	0	0	0	0	0	0	0	0
"HPRR4310032"	0	0	0	0	0	0	0	0	0	0	0.5639	0
"HPRR4310037"	0	0	0	0	0	0	0.3294	0	0	0	0	0
"HPRR4310038"	0	0	0	0	0	0	0	0	0	0	0	0
"HPRR4310045"	0	0	0	0	0	0.5899	0	0	0	0	0	0
"HPRR4310047"	0.904	0	0	0	0	0	0.6771	0	0	0.914	0	0
"HPRR4310055"	0.9955	0	0	0.6416	0	0	0	0	0	0	0	0
"HPRR4310056"	0	0	0	0	0	0	0	0	0	0	0	0
"HPRR4310063"	1	1	1	1	1	1	0	0	0	0	1	0
"HPRR4310066"	0	0	0	0	0	0	0	0	0	0	0	0
"HPRR4320002"	0	0	0	0	0	0	0.2633	0	0	0	0	0
"HPRR4320004"	0.3422	0	0.3118	0	0	0	0	0	0	0	0	0
"HPRR4320005"	0	0	0	0	0	0	0	0	0	0	0	0
"HPRR4320007"	0	0	0	0	0	0	0	0	0	0	0	0
"HPRR4320008"	0	0	0	0	0	0	0	0	0	0	0	0
"HPRR4320010"	0.9965	0	0	0.9512	0	0.2002	0	0	0	0	0	0
"HPRR4320014"	0	0	0	0	0	0	0	0	0	0	0	0
"HPRR4320016"	0	0	0	0	0	0	0	0	0	0	0	0
"HPRR4320018"	0	0	0	0	0	0	0	0	0	0	0	0
"HPRR4320022"	0	0	0	0	0	0	0	0	0	0	0	0
"HPRR4320025"	0	0	0	0	0	0	0.4281	0	0	0	0	0
"HPRR4320026"	0.5776	0	0	0	0	0	0	0	0	0	0	0
"HPRR4320027"	0	0	0	0	0	0	0	0	0	0	0	0
"HPRR4320033"	0	0	0	0	0	0	0	0	0	0	0	0
"HPRR4320035"	0	0	0.6447	0	0	0.8483	0	0	0	0	0	0
"HPRR4320036"	0	0.4657	0.2097	0.9065	0.8229	0	0	0.2059	0.2236	0	0	0
"HPRR4320037"	0	0	0	0	0.4136	0	0	0	0	0	0	0
"HPRR4320039"	0	0	0	0.6322	0	0.7467	0	0	0	0	0	0
"HPRR4320040"	0	0	0	0	0	0	0	0	0	0	0	0
"HPRR4320042"	0	0	0	0	0	0	0	0	0	0	0	0
"HPRR4320043"	0	0	0	0.2188	0.6614	0	0.9898	0.8918	0	0	0	0
"HPRR4320044"	0	0	0	0	0	0.7278	0	0	0	0	0	0
"HPRR4320045"	0	0.9962	0	0	0	0	0	0	0.3778	0	0	0
"HPRR4320046"	0	0	0	0	0	0	0	0	0	0	0	0
"HPRR4320047"	0	0	0	0.2831	0	0	0	0	0	0	0	0
"HPRR4320048"	0	0	0	0	0	0	0	0	0	0	0	0
"HPRR4320049"	0	0	0	0.3324	0	0	0	0	0	0	0	0
"HPRR4320050"	0	0	0	0.8975	0	0	0	0	0	0	0	0
"HPRR4320051"	0	0	0	0	0.4997	0	0	0	0	0	0	0
"HPRR4320053"	0.9501	0	0	0	0	0	0	0	0	0	0	0
"HPRR4320057"	0.9583	0	0	0.9899	0	0	0	0	0	0	0	0
"HPRR4320058"	0	0	0	0	0	0	0	0	0	0	0	0
"HPRR4320060"	0	0	0	0	0	0	0	0	0	0	0	0
"HPRR4320061"	0	0	0	0.7664	0	0	0	0	0	0	0	0
"HPRR4320063"	0	0	0	0	0	0	0	0	0	0	0	0
"HPRR4320064"	0	0	0	0	0	0	0	0	0	0	0	0
"HPRR4320066"	0	0	0	0	0	0	0	0	0	0	0	0
"HPRR4320068"	0	0	0	0	0	0	0	0	0	0	0	0
"HPRR4320069"	0	0	0	0	0	0	0	0	0	0	0	0
"HPRR4320071"	0	0	0	0.4493	0	0	0	0	0	0	0	0
"HPRR4320073"	0	0	0	0	0	0	0	0	0	0	0	0
"HPRR4320074"	0.9931	0	0.6107	0.9746	0	0	0	0	0.8842	0	0	0
"HPRR4320075"	0	0	0	0.6975	0.3448	0	0	0	0	0	0	0
"HPRR4320076"	0	0	0	0	0	0.9014	0	0	0	0	0	0
"HPRR4320078"	0	0	0	0	0	0.4087	0	0	0	0	0	0
"HPRR4320080"	0	0	0	0	0	0	0	0	0	0	0	0
"HPRR4320081"	0	0	0	0	0.3881	0	0	0	0	0	0	0
"HPRR4320083"	0	0	0	0	0	0	0	0	0	0	0	0
"HPRR4320084"	0	0	0	0	0	0	0	0	0	0	0	0
"HPRR4320085"	0.3105	0	0	0	0	0	0	0	0	0	0	0
"HPRR4320086"	0	0	0	0.4321	0.9517	0.6915	0	0	0	0	0	0
"HPRR4320087"	0	0	0	0.8535	0	0	0	0	0	0	0	0
"HPRR4320088"	0	0	0	0	0	0	0.9633	0	0	0	0	0
"HPRR4320091"	0	0	0	0	0	0	0	0.6256	0	0	0	0
"HPRR4320092"	0	0	0	0	0	0	0	0.2577	0	0	0	0
"HPRR4320093"	0	0	0	0	0.898	0	0	0.9951	0	0	0	0
"HPRR4320094"	0	0	0	0	0	0	0	0	0	0	0	0
"HPRR4320095"	0	0	0	0	0.3476	0	0	0	0	0	0	0
"HPRR4320097"	0	0	0	0	0	0	0	0	0	0	0	0
"HPRR4320098"	0	0	0	0	0	0	0.2167	0	0	0	0	0
"HPRR4320100"	0	0	0	0	0	0	0	0	0	0	0	0
"HPRR4320101"	0	0	0	0	0	0	0	0	0	0	0	0
"HPRR4320102"	0.7827	0	0	0	0	0	0	0	0	0	0	0
"HPRR4320103"	0	0	0.9979	0.9249	0.341	0	0.76	0	0	0	0	0
"HPRR4320106"	0.9534	0	0	0	0.486	0.5031	0	0	0	0	0	0
"HPRR4320107"	0	0	0	0	0	0	0	0	0	0	0	0
"HPRR4320118"	0	0.9861	0	0	0.2706	0	0	0	0	0	0	0
"HPRR4320119"	0	0	0	0	0	0.7022	0	0	0	0	0	0
"HPRR4320121"	0	0	0	0	0	0	0	0	0	0	0	0
"HPRR4320122"	0	0	0	0	0	0	0	0	0.9724	0	0	0
"HPRR4320123"	1	1	1	1	1	1	0	0	0	0	0	0
"HPRR4320124"	0	0	0	0	0	0	0	0	0	0	0	0
"HPRR4320125"	0	0	0	0	0	0	0	0	0	0	0	0
"HPRR4320126"	0	0	0	0	0	0	0	0	0	0	0	0
"HPRR4320127"	0	0	0	0.9954	0.9208	0.7634	0	0	0	0	0	0
"HPRR4320129"	0	0	0	0.9841	0	0.9903	0	0	0	0	0	0
"HPRR4320130"	0	0	0	0	0	0	0	0	0	0	0	0
"HPRR4320131"	0	0	0	0.9967	0	0	0	0	0	0	0	0
"HPRR4320132"	0	0	0.5221	0	0	0	0.9963	0	0	0	0	0
"HPRR4320133"	0.8703	0	0	0	0.4411	0	0	0	0	0	0	0
"HPRR4320134"	0	0	0	0	0	0	0	0	0	0	0	0
"HPRR4320135"	0	0	0	0	0	0	0	0	0	0	0	0
"HPRR4320136"	0	0	0	0	0	0	0	0	0	0	0	0
"HPRR4320137"	0	0	0	0.2493	0	0	0	0	0	0	0	0
"HPRR4320138"	0	0	0.2951	0	0	0.8585	0.3536	0	0	0	0	0
"HPRR4320140"	0	0	0	0	0	0.9966	0	0	0	0	0	0
"HPRR4320141"	0	0	0	0.9906	0	0	0	0	0	0	0	0
"HPRR4320145"	0	0	0	0	0	0	0.3895	0	0.7048	0	0	0
"HPRR4320146"	0	0	0	0.9967	0	0.9966	0	0.9484	0.93	0	0	0.967
"HPRR4320148"	0.6439	0	0	0	0	0	0	0	0	0	0	0
"HPRR4320149"	0	0.6931	0	0	0	0.2244	0	0	0	0	0	0
"HPRR4320152"	0	0	0	0	0	0	0	0	0	0	0	0
"HPRR4320155"	0	0	0	0	0	0	0	0	0	0	0	0
"HPRR4320158"	0	0	0.5452	0	0	0	0	0	0	0	0	0
"HPRR4320159"	0	0	0	0	0	0	0	0	0	0	0	0
"HPRR4320161"	0	0	0	0	0	0	0	0	0	0.3838	0	0
"HPRR4320162"	0	0	0	0.8329	0	0	0	0	0	0	0	0
"HPRR4320163"	0	0	0	0	0	0	0	0	0	0	0	0
"HPRR4320165"	0.9893	0.2911	0	0	0	0.392	0	0	0	0	0	0
"HPRR4320168"	0	0	0	0	0.6917	0	0	0.4323	0	0	0	0
"HPRR4320172"	0.2673	0	0	0	0	0	0	0	0	0	0	0
"HPRR4320173"	0	0	0	0	0	0	0	0	0	0	0	0
"HPRR4320177"	0	0	0	0	0	0	0	0.2433	0	0	0	0
"HPRR4320178"	0	0	0	0	0	0	0	0	0	0	0	0
"HPRR4320183"	0	0	0	0	0.3239	0	0	0	0	0	0	0
"HPRR4320184"	0	0	0	0	0	0	0	0	0	0	0	0
"HPRR4320186"	0	0	0	0	0	0	0	0	0	0	0	0
"HPRR4320187"	0	0	0	0	0	0	0	0	0	0	0	0
"HPRR4320188"	0	0.985	0.9952	0	0	0	0	0	0	0	0	0
"HPRR4320191"	0	0	0	0	0	0	0	0	0	0	0	0
"HPRR4320192"	0	0	0	0	0	0	0	0	0	0	0	0
"HPRR4320193"	0	0	0	0	0	0	0	0	0	0	0	0
"HPRR4320195"	0	0	0	0	0	0	0	0	0	0	0	0
"HPRR4320196"	0	0	0	0	0	0	0	0	0	0	0.9074	0
"HPRR4320198"	0	0	0.5904	0	0	0	0	0	0	0	0	0
"HPRR4320200"	0	0.4858	0	0	0	0	0	0	0	0	0	0
"HPRR4320201"	0	0	0	0	0	0	0	0	0	0	0	0
"HPRR4320202"	0	0	0.293	0	0.7595	0	0	0	0	0	0	0.4927
"HPRR4320204"	0	0	0	0	0	0	0	0	0	0	0	0
"HPRR4320206"	0.9965	0	0	0	0	0	0.4885	0	0	0	0	0
"HPRR4320207"	0	0	0.3087	0	0	0	0.9959	0.9759	0.664	0	0	0
"HPRR4320210"	0	0	0.6741	0	0	0	0	0	0	0	0	0
"HPRR4320215"	0	0	0	0	0	0	0	0	0	0	0	0
"HPRR4320217"	0	0	0	0	0.712	0	0	0	0	0	0	0
"HPRR4320219"	0	0	0	0	0.5406	0	0	0	0	0	0	0
"HPRR4320220"	0	0	0	0	0	0	0	0	0	0	0.2688	0
"HPRR4320221"	0.973	0	0	0	0.5196	0	0.9725	0	0.2231	0	0	0
"HPRR4320222"	0	0	0	0	0.2644	0	0	0	0.2578	0	0	0
"HPRR4320223"	0	0.9168	0.975	0	0.3468	0	0	0	0.9757	0	0	0
"HPRR4320224"	0	0	0	0	0	0.9957	0	0	0	0	0	0
"HPRR4320233"	0	0	0	0.3249	0	0	0	0	0	0	0	0
"HPRR4320234"	0	0	0	0	0	0	0	0	0	0	0	0
"HPRR4320235"	0	0	0	0	0	0	0	0	0.484	0	0	0
"HPRR4320236"	0	0	0	0	0	0	0	0	0	0	0	0
"HPRR4320237"	0.2552	0	0	0	0	0	0	0	0	0	0	0
"HPRR4320238"	0.9885	0	0	0.7295	0.9968	0	0.9606	0	0.9681	0	0	0
"HPRR4320240"	0	0	0	0	0	0	0	0	0	0	0	0
"HPRR4320242"	0	0	0	0	0	0	0	0	0	0	0	0
"HPRR4320243"	0	0	0	0	0	0.3241	0	0	0	0	0	0
"HPRR4320245"	0	0	0	0	0	0.2935	0	0	0	0	0	0
"HPRR4320246"	0	0	0	0	0	0	0	0	0	0	0	0
"HPRR4320247"	0	0	0	0	0	0.2156	0	0	0	0	0	0
"HPRR4320251"	0	0	0	0	0	0	0	0	0	0	0	0
"HPRR4320252"	0.9995	0.5247	0.6271	0	0	0	0.7172	0.9925	0.9046	0	0	0
"HPRR4320253"	0	0	0	0	0	0	0	0	0	0	0	0.7402
"HPRR4320254"	0	0	0	0	0	0	0	0	0	0	0	0
"HPRR4320255"	0	0	0	0	0.9027	0.4542	0	0	0	0	0	0
"HPRR4320257"	0	0	0	0	0	0	0	0	0	0	0	0
"HPRR4320259"	0	0	0.3737	0.9867	0	0	0	0	0	0	0	0
"HPRR4320262"	0	0	0	0	0	0	0	0	0	0	0	0
"HPRR4320263"	0.9952	0.9869	0	0	0	0	0	0	0	0	0	0
"HPRR4320268"	0	0	0	0	0	0	0	0	0	0	0	0
"HPRR4320269"	0	0	0	0	0.9686	0	0	0	0	0	0	0
"HPRR4320270"	0	0	0	0	0.4499	0	0	0	0	0	0	0
"HPRR4320272"	0	0	0.901	0	0	0	0	0	0.231	0	0	0
"HPRR4320277"	0	0	0	0	0	0.7917	0	0	0	0	0	0
"HPRR4320279"	0	0	0	0	0	0	0	0	0	0	0	0
"HPRR4320280"	0	0	0	0	0	0	0	0	0	0	0	0
"HPRR4320281"	0	0	0	0	0	0	0	0	0	0	0	0
"HPRR4320282"	0.9914	0	0.9901	0.9967	0.9968	0	0	0	0	0	0	0
"HPRR4320283"	0	0	0	0	0	0	0	0	0	0	0	0
"HPRR4320284"	0	0	0	0	0.2022	0	0	0	0	0.5831	0.3022	0
"HPRR4320285"	0	0	0	0	0	0	0	0	0	0	0	0
"HPRR4320286"	0.2549	0	0.7995	0.9893	0	0.2089	0	0	0	0	0	0
"HPRR4320287"	0	0.9626	0	0	0	0	0.9732	0	0	0	0	0
"HPRR4320291"	0	0	0	0	0	0	0	0.2385	0	0	0	0
"HPRR4320292"	0	0	0	0	0	0.9885	0	0	0	0	0	0
"HPRR4320293"	0.3605	0	0	0	0	0	0	0.438	0	0	0	0
"HPRR4320294"	0	0	0.7151	0	0	0	0	0	0	0	0	0
"HPRR4320295"	0	0	0	0.2031	0	0	0	0	0.2308	0	0	0
"HPRR4320297"	0	0	0.5213	0	0	0.9115	0	0	0	0	0	0
"HPRR4320299"	0.4972	0.3417	0.5311	0	0	0	0.8887	0.9077	0	0	0	0
"HPRR4320300"	0	0	0	0	0	0	0	0	0	0	0	0
"HPRR4320301"	0	0	0	0	0	0	0	0	0	0	0	0.9949
"HPRR4320305"	0	0	0	0.9967	0.9968	0	0	0	0.4843	0	0	0
"HPRR4320308"	0	0	0	0	0	0	0	0	0	0	0	0
"HPRR4320309"	0	0	0	0	0	0	0	0	0.4214	0	0	0
"HPRR4320311"	0	0	0	0	0	0	0	0	0	0	0	0
"HPRR4320313"	0.4372	0	0	0.3218	0	0	0	0	0	0	0	0
"HPRR4320316"	0	0	0	0	0.3557	0	0	0	0	0	0	0
"HPRR4320317"	0.9924	0	0	0.9605	0	0.9806	0	0	0	0	0	0
"HPRR4320319"	0	0	0	0	0	0	0	0	0	0	0	0
"HPRR4320321"	0	0	0	0	0.9968	0	0	0.9944	0	0	0	0
"HPRR4320322"	0	0.942	0.7411	0.3795	0	0	0	0	0	0	0	0
"HPRR4320323"	0.3941	0.2197	0	0	0	0	0.9935	0	0.6631	0	0	0
"HPRR4320324"	0	0	0	0	0	0	0	0	0	0	0	0
"HPRR4320325"	0	0	0	0	0	0	0	0	0	0	0	0
"HPRR4320327"	0	0	0	0.3861	0	0	0	0	0	0	0	0
"HPRR4320331"	0.3983	0	0	0	0	0	0	0	0	0	0	0
"HPRR4320332"	0	0	0	0	0	0	0	0	0	0	0	0
"HPRR4320333"	0	0	0	0	0.3384	0	0	0	0	0	0	0
"HPRR4320334"	0	0	0	0	0	0	0	0	0	0	0	0
"HPRR4320336"	0	0	0	0	0	0	0	0	0	0	0	0
"HPRR4320337"	0	0	0	0	0.9326	0	0	0	0	0	0	0
"HPRR4320339"	0	0	0	0	0	0	0	0	0	0	0	0
"HPRR4320340"	0	0	0	0	0	0	0	0	0	0	0	0
"HPRR4320343"	0	0	0	0	0	0	0	0	0	0	0	0
"HPRR4320345"	0	0	0	0	0	0	0	0.2686	0	0	0	0
"HPRR4320346"	0	0	0	0	0.3822	0	0	0	0	0	0	0
"HPRR4320349"	0	0	0.3053	0	0	0	0	0	0	0	0	0
"HPRR4320350"	0	0	0	0.2771	0	0.6334	0	0	0	0	0	0
"HPRR4320352"	0	0	0	0	0	0	0	0.411	0	0	0	0
"HPRR4320356"	0	0	0	0	0	0.5711	0	0	0	0	0	0
"HPRR4320358"	0	0	0	0.3494	0.9968	0	0	0	0	0	0	0.2885
"HPRR4320362"	0	0	0	0.244	0	0	0	0	0	0	0	0
"HPRR4320364"	0	0	0	0	0	0	0	0	0.3163	0	0	0
"HPRR4320365"	0	0	0	0.4252	0	0	0	0	0	0	0	0
"HPRR4320368"	0.266	0.804	0	0	0	0	0.9963	0	0	0	0	0
"HPRR4320369"	0	0	0	0	0	0	0	0	0	0	0	0
"HPRR4320370"	0	0.9379	0	0	0.4233	0	0	0	0	0	0	0
"HPRR4320371"	0	0	0	0	0	0	0	0	0	0	0	0
"HPRR4320375"	0	0	0	0.3515	0	0	0	0	0	0	0	0
"HPRR4320376"	0	0.2033	0	0.5015	0	0	0.7615	0.9962	0.4755	0	0	0
"HPRR4320377"	0	0	0	0	0	0	0	0	0	0	0	0
"HPRR4320378"	0	0	0	0	0	0	0	0	0	0	0	0
"HPRR4320379"	0	0	0	0	0	0	0	0	0.6559	0	0	0
"HPRR4320381"	1	1	1	1	1	0	0	0	0	0	0	0
"HPRR4320382"	0.2923	0	0	0	0.9397	0.3784	0	0	0	0	0	0
"HPRR4320384"	0	0	0	0	0	0	0	0	0	0	0	0
"HPRR4320385"	0	0	0	0	0	0	0	0	0	0	0	0
"HPRR4320388"	0	0	0	0.9698	0	0.9899	0	0	0	0	0	0
"HPRR4320390"	0	0	0	1	0	0	0	0	0	0	0	0
"HPRR4320392"	0	0	0	0	0	0	0	0	0	0	0	0
"HPRR4320393"	0	0.9256	0.4986	0.9854	0	0	0	0	0	0	0	0
"HPRR4320395"	0	0	0	0.9816	0	0	0	0	0.9392	0	0	0
"HPRR4320396"	0	0	0	0	0.3846	0	0	0	0	0	0	0.787
"HPRR4320397"	0	0	0	0.9547	0	0	0	0	0.23	0	0	0
"HPRR4320398"	0.4158	0	0	0	0	0	0	0	0	0	0	0
"HPRR4320399"	0	0.9296	0	0.9909	0	0	0.8828	0	0.9562	0	0	0
"HPRR4320401"	0	0	0	0	0	0	0	0	0	0	0	0
"HPRR4320403"	0	0	0	0	0	0	0.9654	0	0	0	0	0
"HPRR4320404"	0.9876	0	0.3509	0	0.9965	0	0	0.4079	0	0	0	0
"HPRR4320407"	0	0	0	0	0	0	0	0	0	0	0	0
"HPRR4320411"	0	0	0	0	0	0.2054	0	0	0	0	0	0
"HPRR4320412"	0	0	0	0	0	0	0	0	0	0	0	0
"HPRR4320413"	0	0	0	0	0	0	0	0.8979	0.9878	0	0	0
"HPRR4320416"	0.3405	0	0	0	0	0	0	0	0	0	0	0
"HPRR4320417"	1	1	1	1	1	1	0	0	0	0	0.9955	0
"HPRR4320420"	0	0.9958	0.996	0	0	0.604	0	0	0	0	0	0
"HPRR4320421"	0	0	0	0	0.9692	0	0	0	0	0.9663	0	0
"HPRR4320422"	0	0	0	0.2461	0	0	0	0	0	0	0	0
"HPRR4320423"	0	0	0.3118	0	0	0	0	0	0	0	0	0
"HPRR4320425"	0	0	0	0	0	0	0	0	0	0	0	0
"HPRR4320428"	0.9829	0.9839	0.8763	0.987	0.993	0.9562	0	0	0	0	0	0
"HPRR4320429"	0	0	0	0	0	0	0	0	0	0	0	0
"HPRR4320431"	0.2762	0	0	0	0	0	0.9963	0.8251	0	0	0	0
"HPRR4320432"	0	0	0.996	0	0	0	0	0	0	0	0	0
"HPRR4320433"	0	0	0	0	0	0	0	0	0	0	0	0
"HPRR4320434"	0	0	0	0.7027	0	0	0	0	0.5073	0	0	0
"HPRR4320439"	0.991	0	0	0	0	0	0	0	0	0	0.8109	0
"HPRR4320445"	0	0.2891	0	0	0	0	0	0	0	0	0	0
"HPRR4320446"	0	0	0.7471	0	0	0.4949	0	0	0	0	0	0
"HPRR4320450"	0.9945	0.2843	0	0.9664	0	0.9208	0	0	0	0	0	0
"HPRR4320451"	0	0	0	0	0	0	0	0	0	0	0	0
"HPRR4320454"	0	0	0	0	0	0	0.9269	0	0	0	0	0
"HPRR4320455"	0	0	0	0	0	0	0	0	0	0	0	0
"HPRR4320457"	0	0	0	0	0	0	0	0	0.9733	0	0	0
"HPRR4320460"	0	0	0	0	0	0	0	0	0	0	0	0
"HPRR4320461"	0.3229	0	0	0.3126	0	0.8886	0	0	0	0	0	0
"HPRR4320463"	0	0	0	0	0	0	0	0	0	0	0	0
"HPRR4320464"	0.3328	0	0	0	0	0	0	0.9411	0	0	0	0
"HPRR4320465"	0	0	0	0	0.4124	0	0	0	0	0	0	0
"HPRR4320466"	0	0	0	0	0	0.3063	0	0.9921	0	0	0	0
"HPRR4320468"	0.7116	0.873	0.9167	0.9112	0	0.5821	0	0.9991	0	0	0	0
"HPRR4320470"	0	0	0.7043	0	0	0.2587	0	0	0	0	0	0
"HPRR4320471"	0	0	0.8156	0	0	0	0	0	0	0	0	0
"HPRR4320475"	0	0	0	0.5907	0	0	0	0	0	0	0	0
"HPRR4320477"	0	0	0	0	0	0	0	0	0	0	0	0
"HPRR4320480"	0	0	0	0	0	0	0	0	0	0	0	0
"HPRR4320481"	0	0.672	0	0	0	0	0	0	0	0	0	0
"HPRR4320485"	0	0	0	0	0.7205	0	0	0	0	0	0	0
"HPRR4320490"	0	0	0	0	0	0	0	0	0	0	0	0
"HPRR4320491"	0.9962	0	0	0	0.9968	0	0	0	0	0	0	0
"HPRR4320496"	0	0	0	0	0	0	0	0	0	0	0	0
"HPRR4320499"	0	0	0.8943	0	0	0	0	0	0	0	0	0
"HPRR4320501"	0	0	0	0	0	0	0	0	0	0.2932	0	0
"HPRR4320502"	0	0	0	0	0	0	0	0	0	0	0	0
"HPRR4320503"	0	0	0	0	0	0	0	0	0	0	0	0
"HPRR4320505"	0	0.8805	0	0	0.4435	0	0	0	0	0	0	0
"HPRR4320506"	0	0	0	0	0	0	0	0	0	0	0	0
"HPRR4320507"	0	0	0	0	0	0	0	0	0	0	0	0
"HPRR4320509"	0	0	0	0	0	0	0	0	0	0	0	0
"HPRR4320513"	0	0	0	0.2885	0	0.9842	0	0.2047	0	0	0	0
"HPRR4320514"	0	0.2547	0	0	0	0	0	0	0	0	0	0
"HPRR4320515"	0	0	0	0	0	0	0	0	0	0	0	0
"HPRR4320520"	0	0	0	0.9967	0.9877	0.8126	0.4343	0.9914	0	0	0	0
"HPRR4320523"	0	0	0	0.4308	0	0	0	0.9719	0	0	0	0
"HPRR4320524"	0	0	0	0	0	0	0	0	0	0	0	0.583
"HPRR4320525"	0.5451	0.2269	0.3187	0	0	0	0.5069	0	0	0	0	0
"HPRR4320526"	0	0	0	0.3269	0	0	0	0	0	0	0	0
"HPRR4320528"	0	0	0	0	0	0	0.6698	0	0	0	0	0
"HPRR4320529"	0	0	0	0	0	0	0	0	0	0	0	0
"HPRR4320531"	0.3983	0	0	0	0	0	0	0	0	0	0	0
"HPRR4320532"	0	0	0	0	0.2663	0	0	0	0	0	0	0
"HPRR4320536"	0	0	0	0	0	0	0	0	0	0	0	0
"HPRR4320543"	0	0.9839	0	0	0	0	0.9963	0	0	0	0	0
"HPRR4320544"	0	0	0	0	0	0	0	0	0	0	0	0
"HPRR4320547"	0	0	0	0	0	0	0	0	0	0	0	0
"HPRR4320550"	0	0	0	0	0	0	0	0	0	0	0	0
"HPRR4320551"	0	0	0	0	0	0	0	0	0	0	0	0
"HPRR4320554"	0	0	0	0	0	0	0	0	0	0	0	0
"HPRR4320555"	0	0	0	0	0	0	0	0.9962	0	0	0	0
"HPRR4320556"	0.6037	0	0	0.7393	0	0	0	0	0.842	0	0	0
"HPRR4320559"	0	0	0.2404	0	0	0	0	0	0	0	0	0
"HPRR4320560"	0	0	0	0	0	0	0	0	0	0	0	0
"HPRR4320562"	0	0	0	0	0	0	0	0	0	0	0	0
"HPRR4320564"	0	0	0	0	0	0.232	0	0	0	0	0	0
"HPRR4320565"	0	0	0	0	0	0.9909	0	0	0	0	0	0
"HPRR4320566"	0	0	0	0	0.8137	0	0	0	0	0	0	0
"HPRR4320567"	0	0	0	0	0	0	0	0	0	0	0	0
"HPRR4320570"	0	0	0	0	0	0	0	0	0	0	0	0
"HPRR4320571"	0	0	0	0	0	0	0	0	0	0	0	0
"HPRR4320573"	0	0.9928	0	0	0	0	0	0	0.6101	0	0	0
"HPRR4320575"	0	0.5514	0	0	0	0	0	0	0	0	0	0
"HPRR4320577"	0	0	0	0	0.2895	0	0	0	0	0	0	0
"HPRR4320581"	0.9965	0	0	0	0	0	0	0	0	0	0	0
"HPRR4320583"	0	0	0	0	0	0	0	0	0	0	0	0
"HPRR4320584"	0	0	0.7805	0	0.5076	0	0	0	0	0	0	0
"HPRR4320586"	0	0	0	0	0	0	0	0	0	0	0	0
"HPRR4320587"	0	0.5373	0	0	0	0	0	0	0	0	0	0
"HPRR4320589"	0.2083	0	0	0	0.7059	0	0	0.7577	0	0	0	0
"HPRR4320590"	0	0	0	0	0	0	0	0	0	0	0	0
"HPRR4320592"	0.9934	0.9997	0.917	0.9346	0.9968	0.9966	0	0	0	0	0	0
"HPRR4320596"	0	0.5638	0	0	0	0	0	0	0	0	0	0
"HPRR4320597"	0	0	0.6411	0	0	0	0	0.3991	0	0	0	0
"HPRR4320598"	0	0	0	0	0	0	0	0	0	0	0	0
"HPRR4320599"	0.3685	0	0	0	0	0	0	0	0	0	0	0
"HPRR4320600"	0	0	0	0	0	0	0	0	0	0	0	0
"HPRR4320602"	0	0	0	0	0	0	0	0	0	0	0	0
"HPRR4320603"	0	0.3087	0	0	0	0	0	0	0	0	0	0
"HPRR4320605"	0.9718	0	0	0	0	0	0.2286	0.994	0	0	0	0
"HPRR4320606"	0	0	0	0	0	0.6882	0	0	0	0	0	0
"HPRR4320607"	0	0	0	0.9958	0	0	0	0	0	0	0	0
"HPRR4320608"	0	0	0	0	0	0	0	0	0	0.3069	0	0
"HPRR4320610"	0	0	0	0	0	0	0	0	0	0	0	0
"HPRR4320611"	0.6667	0	0	0.9967	0	0	0	0	0	0	0	0
"HPRR4320612"	0.8856	0	0	0	0	0	0	0	0	0	0	0
"HPRR4320613"	0	0	0	0	0.5191	0	0	0	0	0	0	0
"HPRR4320614"	0	0.3521	0	0	0	0	0	0	0	0	0	0
"HPRR4320615"	0.9994	0.9989	0.998	0	0	0.999	0	0	0	0	0	0
"HPRR4320616"	0.7633	0.8246	0.2076	0	0.2226	0	0	0	0	0	0	0
"HPRR4320617"	0	0	0	0	0	0	0.4881	0	0	0	0	0
"HPRR4320619"	0	0	0	0	0	0	0	0	0	0	0	0
"HPRR4320623"	0	0	0	0	0	0	0	0	0	0	0	0
"HPRR4320626"	0	0	0	0	0	0	0	0	0.9956	0	0	0
"HPRR4320627"	0	0	0	0	0	0	0	0.5358	0	0	0	0
"HPRR4320629"	0	0	0	0	0	0	0	0	0	0	0	0
"HPRR4320632"	0	0	0	0	0	0	0	0	0	0	0	0
"HPRR4320633"	0	0.9582	0	0	0.2176	0.9975	0.9843	0.9962	0	0	0.995	0
"HPRR4320634"	0	0	0	0	0	0	0.8696	0	0	0	0	0
"HPRR4320641"	0	0	0	0	0.7939	0	0	0	0	0	0	0
"HPRR4320642"	0	0	0.2003	0.8937	0	0	0.9963	0	0	0	0	0
"HPRR4320643"	0	0	0	0	0	0.9978	0	0	0	0	0	0
"HPRR4320648"	0	0	0	0	0.7265	0	0	0	0	0	0	0
"HPRR4320649"	0.2151	0	0	0	0	0	0	0	0	0	0	0
"HPRR4320651"	0	0	0	0	0	0	0	0	0	0	0	0
"HPRR4320652"	0	0	0	0	0	0	0	0	0	0	0	0
"HPRR4320653"	0	0	0	0	0	0	0	0	0.4545	0	0	0
"HPRR4320654"	0	0	0	0	0.9479	0	0.9862	0	0	0	0	0
"HPRR4320655"	0	0	0	0	0	0	0	0	0	0	0	0
"HPRR4320658"	0	0	0	0	0	0	0	0	0	0	0	0
"HPRR4320659"	0	0	0	0.5869	0	0	0	0	0	0	0	0
"HPRR4320660"	0.7267	0.4989	0.8506	0	0.7977	0.6124	0	0	0	0	0	0
"HPRR4320661"	0	0	0	0	0	0	0	0	0.9921	0	0	0
"HPRR4320662"	0.8584	0.7053	0	0	0.7544	0	0	0	0	0	0	0
"HPRR4320663"	0	0	0	0	0	0	0	0	0	0	0	0
"HPRR4320668"	0	0	0	0	0	0	0	0	0	0	0	0
"HPRR4320669"	0	0	0	0	0.8269	0	0.2112	0	0	0	0	0
"HPRR4320670"	0	0	0	0	0.9821	0	0	0	0	0	0	0
"HPRR4320671"	0	0	0	0.9964	0.9968	0	0	0	0	0	0	0
"HPRR4320672"	0	0	0	0	0	0	0	0	0	0	0	0
"HPRR4320673"	0	0	0	0	0	0	0	0	0	0	0	0
"HPRR4320676"	0	0	0	0	0	0	0	0	0	0	0	0
"HPRR4320678"	0.2992	0	0	0	0	0	0	0	0	0	0	0
"HPRR4320679"	0	0	0	0	0	0	0	0	0	0	0	0
"HPRR4320680"	0	0	0.763	0	0	0	0	0	0	0	0	0
"HPRR4320681"	0	0	0	0	0	0	0	0	0	0	0	0
"HPRR4320683"	0	0	0	0	0	0	0	0	0.246	0	0	0
"HPRR4320684"	0	0	0	0	0	0	0	0	0	0	0	0
"HPRR4320685"	0.9965	0	0	0	0	0	0	0	0	0	0	0
"HPRR4320686"	0	0	0	0	0	0	0	0	0	0	0	0
"HPRR4320687"	0	0	0	0	0.4003	0	0.5629	0	0	0	0	0
"HPRR4320690"	0	0	0	0	0	0	0	0.632	0	0	0	0
"HPRR4320693"	0	0	0	0	0	0	0	0	0	0	0	0
"HPRR4320694"	0	0	0	0	0	0.3052	0	0	0	0	0	0
"HPRR4320695"	0	0	0	0	0	0.2597	0	0	0	0	0	0
"HPRR4320696"	0	0	0	0	0	0	0	0	0	0	0	0
"HPRR4320701"	0	0	0	0	0	0	0	0	0	0	0	0
"HPRR4320702"	0	0	0	0.7344	0	0	0	0	0	0	0	0
"HPRR4320703"	0	0	0	0	0	0	0	0	0	0	0	0
"HPRR4320705"	0	0	0	0	0	0	0	0	0	0	0	0
"HPRR4320706"	0	0	0	0	0	0	0	0	0	0	0	0
"HPRR4320707"	0.9947	0.4874	0.7761	1	0.9765	0.9885	0	0.2237	0	0	0	0
"HPRR4320709"	0	0	0	0	0.9968	0	0	0	0	0	0	0
"HPRR4320710"	0	0	0	0	0	0	0	0	0	0	0	0
"HPRR4320711"	0	0	0	0	0	0	0.3455	0	0.9733	0	0.9532	0
"HPRR4320712"	0.2114	0	0	0	0	0	0	0	0	0	0	0
"HPRR4340002"	0	0	0	0	0.5285	0	0	0	0	0	0	0
"HPRR4340003"	0	0	0	0.2011	0	0	0	0	0	0	0	0
"HPRR4340004"	0	0	0	0	0	0	0	0	0	0	0	0
"HPRR4340005"	0	0	0	0	0	0	0	0	0	0	0	0
"HPRR4340007"	0	0	0	0	0	0	0	0	0	0	0	0
"HPRR4340009"	0	0	0	0	0	0	0	0	0.4872	0	0	0
"HPRR4340010"	0	0.9974	0	0	0	0	0	0.2833	0	0	0	0
"HPRR4340011"	0	0	0	0.6408	0	0	0	0.9547	0	0	0	0
"HPRR4340012"	0	0	0	0	0.2451	0	0	0	0	0	0	0
"HPRR4340013"	0.3991	0	0	0	0	0.8715	0	0	0	0	0	0
"HPRR4340014"	0	0	0	0	0	0	0	0	0	0	0	0
"HPRR4340015"	0	0	0	0	0.961	0	0	0	0	0	0	0
"HPRR4340016"	0.8599	0.9989	0	0.9984	0	0.6984	0.7474	0.8996	0	0	0	0
"HPRR4340017"	0	0	0	0	0	0	0	0	0	0	0	0
"HPRR4340018"	0	0	0	0	0	0	0	0	0	0	0	0
"HPRR4340020"	0	0	0	0.9636	0	0	0	0	0	0	0	0
"HPRR4340021"	0	0	0	0.2896	0.6635	0	0	0	0	0	0	0
"HPRR4340022"	0	0	0	0	0	0	0.6911	0	0	0	0	0
"HPRR4340024"	0.6519	0	0	0	0	0	0	0	0	0	0	0
"HPRR4340027"	0	0	0	0	0	0	0	0	0	0	0	0
"HPRR4340028"	0	0.9962	0	0	0	0	0	0	0.4896	0	0	0
"HPRR4340029"	0	0.9947	0.9997	0.9983	0.9995	0.9996	0	0.9962	0	0	0	0
"HPRR4340032"	0	0	0	0	0	0	0	0	0	0	0	0
"HPRR4340034"	0.6283	0.9858	0	0	0.6613	0	0.2767	0	0	0	0	0
"HPRR4340037"	0	0	0	0	0	0	0.2706	0	0	0	0	0
"HPRR4340038"	0	0	0.5261	0	0	0	0	0	0	0	0	0
"HPRR4340039"	0	0	0	0	0	0	0.3701	0	0	0	0	0
"HPRR4340040"	0	0	0	0.2213	0	0	0	0	0	0	0	0
"HPRR4340041"	0	0	0	0	0	0	0	0	0	0	0	0
"HPRR4340042"	0	0.2848	0	0	0	0	0	0	0	0	0	0
"HPRR4340045"	0	0	0	0	0	0	0	0	0	0	0	0
"HPRR4340046"	0	0	0	0	0	0	0	0	0	0	0	0
"HPRR4340047"	0	0	0	0	0	0	0.4759	0	0	0	0	0
"HPRR4340048"	0	0	0	0	0	0	0	0.6821	0	0	0	0
"HPRR4340051"	0	0	0	0.9935	0.8318	0	0	0.9962	0	0	0	0
"HPRR4340055"	0	0	0	0	0	0.9953	0	0	0	0	0	0
"HPRR4340056"	0	0	0	0	0	0	0	0	0	0	0	0
"HPRR4340057"	0	0	0	0.5048	0	0	0	0	0	0	0	0
"HPRR4340059"	0	0	0	0	0.9458	1	0.9982	0	0.2487	0	0	0
"HPRR4340061"	0	0	0	0	0	0	0	0	0	0	0	0
"HPRR4340063"	0	0	0	0.9967	0	0	0	0	0	0	0	0
"HPRR4340064"	0	0.3677	0	0	0	0	0	0	0	0	0.6093	0.5725
"HPRR4340065"	0	0	0	0	0	0	0	0.311	0	0	0	0
"HPRR4340067"	0	0	0.4385	0	0.6815	0	0	0	0	0	0	0
"HPRR4340069"	0	0	0	0	0	0.2132	0.9963	0	0	0	0	0
"HPRR4340070"	0	0	0	0	0	0.826	0.6935	0	0	0	0	0
"HPRR4340071"	0	0	0.9774	0	0	0	0	0	0	0	0	0
"HPRR4340072"	0.2192	0.6692	0	0.9925	0.952	0.6575	0.9743	0.4537	0	0	0	0
"HPRR4340073"	0	0	0	0	0	0	0	0	0	0	0	0
"HPRR4340074"	0	0	0	0	0	0	0	0	0	0	0	0
"HPRR4340076"	0	0	0	0	0	0	0.336	0	0	0	0	0
"HPRR4340078"	0	0	0	0.9816	0.8338	0	0	0	0	0	0	0
"HPRR4340079"	0.7088	0	0	0	0	0	0	0	0	0	0	0
"HPRR4340080"	0	0	0	0	0	0	0	0	0	0	0	0
"HPRR4340081"	0	0	0	0.2145	0	0	0	0	0	0	0	0
"HPRR4340083"	0	0	0	0	0	0	0	0	0.664	0	0	0
"HPRR4340084"	0	0	0	0	0	0	0	0	0	0	0	0
"HPRR4340085"	0	0	0	0	0	0	0	0	0	0	0	0
"HPRR4340086"	0	0.554	0	0	0	0	0.9316	0	0	0	0	0
"HPRR4340088"	0	0	0	0	0	0	0	0	0	0	0	0
"HPRR4340090"	0	0	0	0	0	0	0	0	0	0	0	0
"HPRR4340092"	0	0	0	0	0	0	0	0	0	0	0	0
"HPRR4340093"	0	0	0	0	0	0	0	0	0	0	0	0
"HPRR4340098"	0	0	0	0.4894	0	0	0	0	0	0	0	0
"HPRR4340101"	0	0	0	0.2373	0	0	0	0	0	0	0	0
"HPRR4340102"	0	0	0	0	0	0	0	0	0	0	0	0
"HPRR4340103"	0	0	0	0	0	0	0	0	0	0	0	0
"HPRR4340104"	0	0	0	0.7639	0.4343	0	0	0	0	0	0	0
"HPRR4340105"	0	0	0	0	0	0	0	0	0	0	0	0
"HPRR4340107"	0.9998	1	0.9993	1	1	1	0	0	0	0	0	0
"HPRR4340108"	0	0	0	0	0	0.3277	0	0	0	0	0	0
"HPRR4350010"	0	0	0	1	1	1	0	0	0	0	0	0
"HPRR4350017"	1	1	1	1	1	1	1	0.9999	0.9999	0	0	0
"HPRR4350028"	1	1	1	1	1	1	0	0	0	0	0	0
"HPRR4350071"	1	1	1	1	1	1	0	0	0	0	0	0
"HPRR4350072"	0	0	0	1	1	1	0	0	0	0	0	0
"HPRR4350081"	1	1	1	1	1	1	0	0	0.8684	0	0	0
"HPRR4350096"	1	1	1	1	1	1	0	0	0	0	0	0
"HPRR4370542"	0.9994	1	0.9977	1	1	1	0	0	0	0	0	0
"HPRR4390277"	1	1	1	1	1	1	0	0.9587	0	0	0	0
"HPRR4390367"	0.9989	0	0	1	1	1	0	0	0	0	0	0
"HPRR4420016"	1	1	1	1	1	1	0	0	0	0	0	0
"HPRR4420088"	0	0	0	0	0	1	0.7195	0	0	0	0	0
"HPRR4420246"	1	1	1	1	1	1	0	0	0.6017	0	0	0
"HPRR4420307"	0	0.9987	0	1	1	1	0	0	0	0	0	0
"HPRR4430109"	0	0	0	1	1	1	0	0	0	0	0	0
"HPRR4440122"	1	1	1	1	1	1	0	0	0	0	0	0
"HPRR4440366"	1	1	1	1	0.9998	1	0	0	0	0	0	0
"HPRR4450069"	0.9989	0.9989	1	1	1	1	0	0	0	0	0	0
"HPRR4470196"	0.9842	0.9907	0.9916	1	1	1	0	0	0	0	0	0
"HPRR4470205"	1	1	1	1	1	1	0	0	0	0	0	0
"HPRR4470317"	1	0.9923	0.9941	1	0.9998	0.9989	0	0	0	0	0	0
"HPRR4500051"	0	0	0	0	0	1	0	0	0	0	0	0
"HPRR4520044"	1	0.9979	1	1	1	1	0	0	0	0	0.9955	0
"HPRR4520046"	1	1	1	1	1	1	0	0	0	0	0	0
"HPRR4530049"	0.9988	0.9999	0.9988	1	1	1	0	0	0	0	0	0
"HPRR4530051"	0	1	1	0.7364	1	1	0	0	0	0	0	0
"HPRR4540014"	1	1	1	1	1	1	0	0	0	0	0	0
"HPRR500030"	1	0.707	1	0	0	0	1	1	1	0	0	0
"HPRR500083"	1	1	1	0	0	0.9281	1	1	1	0	0	1
"HPRR540010"	0	1	1	0	0	0	1	1	1	0	0	0
"HPRR540013"	1	1	1	0.2251	0	0.9984	1	1	1	0	0	0.4633
"HPRR590037"	1	1	1	0	0	0	1	1	1	0	0	0
"HPRR640048"	1	1	1	0	0	0	1	1	1	0	0	0
"HPRR650006"	1	1	1	0.8752	0	0	1	1	1	0	0	0
"HPRR650016"	1	1	1	0	0	0	1	1	1	0	0	0
"HPRR670080"	1	1	1	0	0	0	1	1	1	0.2669	0.2542	0
"HPRR670317"	1	1	1	0	0	0	1	1	1	0	0	0
"HPRR680239"	1	1	1	0	0	0	1	1	1	0	0	0
